College Code,College Name,City,Institute Type,Status,University,Home University,Branch Code,Branch Name,Seat Category,Closing Rank,Closing Percentile,Stage,Academic Year,CAP Round,PDF Page Number
05003,"University Institute Of Chemical Technology, North Maharashtra University, Jalgaon",Jalgaon,University Department,Non-Autonomous,"Kavayitri Bahinabai Chaudhari North Maharashtra University, Jalgaon","Kavayitri Bahinabai Chaudhari North Maharashtra University, Jalgaon",0500350310,Food Technology,GOPENH,50447,85.9323432,Stage I,2025-26,1,1
05003,"University Institute Of Chemical Technology, North Maharashtra University, Jalgaon",Jalgaon,University Department,Non-Autonomous,"Kavayitri Bahinabai Chaudhari North Maharashtra University, Jalgaon","Kavayitri Bahinabai Chaudhari North Maharashtra University, Jalgaon",0500350310,Food Technology,GSCH,168034,36.1811489,Stage I,2025-26,1,1
05003,"University Institute Of Chemical Technology, North Maharashtra University, Jalgaon",Jalgaon,University Department,Non-Autonomous,"Kavayitri Bahinabai Chaudhari North Maharashtra University, Jalgaon","Kavayitri Bahinabai Chaudhari North Maharashtra University, Jalgaon",0500350310,Food Technology,GSTH,75293,78.5163287,Stage I,2025-26,1,1
05003,"University Institute Of Chemical Technology, North Maharashtra University, Jalgaon",Jalgaon,University Department,Non-Autonomous,"Kavayitri Bahinabai Chaudhari North Maharashtra University, Jalgaon","Kavayitri Bahinabai Chaudhari North Maharashtra University, Jalgaon",0500350310,Food Technology,GOBCH,69569,80.2182054,Stage I,2025-26,1,1
05003,"University Institute Of Chemical Technology, North Maharashtra University, Jalgaon",Jalgaon,University Department,Non-Autonomous,"Kavayitri Bahinabai Chaudhari North Maharashtra University, Jalgaon","Kavayitri Bahinabai Chaudhari North Maharashtra University, Jalgaon",0500350310,Food Technology,GSEBCH,140104,53.2228937,Stage I,2025-26,1,1
05003,"University Institute Of Chemical Technology, North Maharashtra University, Jalgaon",Jalgaon,University Department,Non-Autonomous,"Kavayitri Bahinabai Chaudhari North Maharashtra University, Jalgaon","Kavayitri Bahinabai Chaudhari North Maharashtra University, Jalgaon",0500350310,Food Technology,LOPENH,26955,92.7116827,Stage I,2025-26,1,1
05003,"University Institute Of Chemical Technology, North Maharashtra University, Jalgaon",Jalgaon,University Department,Non-Autonomous,"Kavayitri Bahinabai Chaudhari North Maharashtra University, Jalgaon","Kavayitri Bahinabai Chaudhari North Maharashtra University, Jalgaon",0500350310,Food Technology,LOBCH,38077,89.5766345,Stage I,2025-26,1,1
05003,"University Institute Of Chemical Technology, North Maharashtra University, Jalgaon",Jalgaon,University Department,Non-Autonomous,"Kavayitri Bahinabai Chaudhari North Maharashtra University, Jalgaon","Kavayitri Bahinabai Chaudhari North Maharashtra University, Jalgaon",0500350310,Food Technology,GNT2H,45402,87.412908,Stage I,2025-26,1,1
05003,"University Institute Of Chemical Technology, North Maharashtra University, Jalgaon",Jalgaon,University Department,Non-Autonomous,"Kavayitri Bahinabai Chaudhari North Maharashtra University, Jalgaon","Kavayitri Bahinabai Chaudhari North Maharashtra University, Jalgaon",0500350310,Food Technology,GOPENO,22350,93.9531228,Stage I,2025-26,1,1
05003,"University Institute Of Chemical Technology, North Maharashtra University, Jalgaon",Jalgaon,University Department,Non-Autonomous,"Kavayitri Bahinabai Chaudhari North Maharashtra University, Jalgaon","Kavayitri Bahinabai Chaudhari North Maharashtra University, Jalgaon",0500350310,Food Technology,GSCO,25421,93.1069159,Stage I,2025-26,1,1
05003,"University Institute Of Chemical Technology, North Maharashtra University, Jalgaon",Jalgaon,University Department,Non-Autonomous,"Kavayitri Bahinabai Chaudhari North Maharashtra University, Jalgaon","Kavayitri Bahinabai Chaudhari North Maharashtra University, Jalgaon",0500350310,Food Technology,GOBCO,30038,91.8224619,Stage I,2025-26,1,1
05003,"University Institute Of Chemical Technology, North Maharashtra University, Jalgaon",Jalgaon,University Department,Non-Autonomous,"Kavayitri Bahinabai Chaudhari North Maharashtra University, Jalgaon","Kavayitri Bahinabai Chaudhari North Maharashtra University, Jalgaon",0500350310,Food Technology,GSEBCO,61989,82.4532453,Stage I,2025-26,1,1
05003,"University Institute Of Chemical Technology, North Maharashtra University, Jalgaon",Jalgaon,University Department,Non-Autonomous,"Kavayitri Bahinabai Chaudhari North Maharashtra University, Jalgaon","Kavayitri Bahinabai Chaudhari North Maharashtra University, Jalgaon",0500350310,Food Technology,TFWS,19711,0.0,Stage I,2025-26,1,1
05003,"University Institute Of Chemical Technology, North Maharashtra University, Jalgaon",Jalgaon,University Department,Non-Autonomous,"Kavayitri Bahinabai Chaudhari North Maharashtra University, Jalgaon","Kavayitri Bahinabai Chaudhari North Maharashtra University, Jalgaon",0500350310,Food Technology,EWS,52675,85.2926232,Stage I,2025-26,1,1
05003,"University Institute Of Chemical Technology, North Maharashtra University, Jalgaon",Jalgaon,University Department,Non-Autonomous,"Kavayitri Bahinabai Chaudhari North Maharashtra University, Jalgaon","Kavayitri Bahinabai Chaudhari North Maharashtra University, Jalgaon",0500350710,Chemical Engineering,GOPENH,99129,68.1117918,Stage I,2025-26,1,2
05003,"University Institute Of Chemical Technology, North Maharashtra University, Jalgaon",Jalgaon,University Department,Non-Autonomous,"Kavayitri Bahinabai Chaudhari North Maharashtra University, Jalgaon","Kavayitri Bahinabai Chaudhari North Maharashtra University, Jalgaon",0500350710,Chemical Engineering,GSCH,201824,2.6991623,Stage I,2025-26,1,2
05003,"University Institute Of Chemical Technology, North Maharashtra University, Jalgaon",Jalgaon,University Department,Non-Autonomous,"Kavayitri Bahinabai Chaudhari North Maharashtra University, Jalgaon","Kavayitri Bahinabai Chaudhari North Maharashtra University, Jalgaon",0500350710,Chemical Engineering,GVJH,113447,61.6834321,Stage I,2025-26,1,2
05003,"University Institute Of Chemical Technology, North Maharashtra University, Jalgaon",Jalgaon,University Department,Non-Autonomous,"Kavayitri Bahinabai Chaudhari North Maharashtra University, Jalgaon","Kavayitri Bahinabai Chaudhari North Maharashtra University, Jalgaon",0500350710,Chemical Engineering,GNT1H,153193,41.4458186,Stage I,2025-26,1,2
05003,"University Institute Of Chemical Technology, North Maharashtra University, Jalgaon",Jalgaon,University Department,Non-Autonomous,"Kavayitri Bahinabai Chaudhari North Maharashtra University, Jalgaon","Kavayitri Bahinabai Chaudhari North Maharashtra University, Jalgaon",0500350710,Chemical Engineering,GNT3H,196993,7.8975079,Stage I,2025-26,1,2
05003,"University Institute Of Chemical Technology, North Maharashtra University, Jalgaon",Jalgaon,University Department,Non-Autonomous,"Kavayitri Bahinabai Chaudhari North Maharashtra University, Jalgaon","Kavayitri Bahinabai Chaudhari North Maharashtra University, Jalgaon",0500350710,Chemical Engineering,GOBCH,111865,62.1412608,Stage I,2025-26,1,2
05003,"University Institute Of Chemical Technology, North Maharashtra University, Jalgaon",Jalgaon,University Department,Non-Autonomous,"Kavayitri Bahinabai Chaudhari North Maharashtra University, Jalgaon","Kavayitri Bahinabai Chaudhari North Maharashtra University, Jalgaon",0500350710,Chemical Engineering,GSEBCH,157869,39.230205,Stage I,2025-26,1,2
05003,"University Institute Of Chemical Technology, North Maharashtra University, Jalgaon",Jalgaon,University Department,Non-Autonomous,"Kavayitri Bahinabai Chaudhari North Maharashtra University, Jalgaon","Kavayitri Bahinabai Chaudhari North Maharashtra University, Jalgaon",0500350710,Chemical Engineering,LOPENH,107861,64.2631037,Stage I,2025-26,1,2
05003,"University Institute Of Chemical Technology, North Maharashtra University, Jalgaon",Jalgaon,University Department,Non-Autonomous,"Kavayitri Bahinabai Chaudhari North Maharashtra University, Jalgaon","Kavayitri Bahinabai Chaudhari North Maharashtra University, Jalgaon",0500350710,Chemical Engineering,LSTH,161188,36.1161649,Stage I,2025-26,1,2
05003,"University Institute Of Chemical Technology, North Maharashtra University, Jalgaon",Jalgaon,University Department,Non-Autonomous,"Kavayitri Bahinabai Chaudhari North Maharashtra University, Jalgaon","Kavayitri Bahinabai Chaudhari North Maharashtra University, Jalgaon",0500350710,Chemical Engineering,LVJH,153825,40.6822054,Stage I,2025-26,1,2
05003,"University Institute Of Chemical Technology, North Maharashtra University, Jalgaon",Jalgaon,University Department,Non-Autonomous,"Kavayitri Bahinabai Chaudhari North Maharashtra University, Jalgaon","Kavayitri Bahinabai Chaudhari North Maharashtra University, Jalgaon",0500350710,Chemical Engineering,LOBCH,130807,53.6771201,Stage I,2025-26,1,2
05003,"University Institute Of Chemical Technology, North Maharashtra University, Jalgaon",Jalgaon,University Department,Non-Autonomous,"Kavayitri Bahinabai Chaudhari North Maharashtra University, Jalgaon","Kavayitri Bahinabai Chaudhari North Maharashtra University, Jalgaon",0500350710,Chemical Engineering,GSCH,151699,42.7403863,Stage I,2025-26,1,2
05003,"University Institute Of Chemical Technology, North Maharashtra University, Jalgaon",Jalgaon,University Department,Non-Autonomous,"Kavayitri Bahinabai Chaudhari North Maharashtra University, Jalgaon","Kavayitri Bahinabai Chaudhari North Maharashtra University, Jalgaon",0500350710,Chemical Engineering,GSTH,142809,47.1398578,Stage I,2025-26,1,2
05003,"University Institute Of Chemical Technology, North Maharashtra University, Jalgaon",Jalgaon,University Department,Non-Autonomous,"Kavayitri Bahinabai Chaudhari North Maharashtra University, Jalgaon","Kavayitri Bahinabai Chaudhari North Maharashtra University, Jalgaon",0500350710,Chemical Engineering,GSEBCH,137347,50.4913264,Stage I,2025-26,1,2
05003,"University Institute Of Chemical Technology, North Maharashtra University, Jalgaon",Jalgaon,University Department,Non-Autonomous,"Kavayitri Bahinabai Chaudhari North Maharashtra University, Jalgaon","Kavayitri Bahinabai Chaudhari North Maharashtra University, Jalgaon",0500350710,Chemical Engineering,LSCH,91085,71.0971787,Stage I,2025-26,1,2
05003,"University Institute Of Chemical Technology, North Maharashtra University, Jalgaon",Jalgaon,University Department,Non-Autonomous,"Kavayitri Bahinabai Chaudhari North Maharashtra University, Jalgaon","Kavayitri Bahinabai Chaudhari North Maharashtra University, Jalgaon",0500350710,Chemical Engineering,LNT2H,174801,26.6274079,Stage I,2025-26,1,2
05003,"University Institute Of Chemical Technology, North Maharashtra University, Jalgaon",Jalgaon,University Department,Non-Autonomous,"Kavayitri Bahinabai Chaudhari North Maharashtra University, Jalgaon","Kavayitri Bahinabai Chaudhari North Maharashtra University, Jalgaon",0500350710,Chemical Engineering,LSEBCH,125768,56.2929777,Stage I,2025-26,1,2
05003,"University Institute Of Chemical Technology, North Maharashtra University, Jalgaon",Jalgaon,University Department,Non-Autonomous,"Kavayitri Bahinabai Chaudhari North Maharashtra University, Jalgaon","Kavayitri Bahinabai Chaudhari North Maharashtra University, Jalgaon",0500350710,Chemical Engineering,LSCH,151798,42.7403863,Stage II,2025-26,1,2
05003,"University Institute Of Chemical Technology, North Maharashtra University, Jalgaon",Jalgaon,University Department,Non-Autonomous,"Kavayitri Bahinabai Chaudhari North Maharashtra University, Jalgaon","Kavayitri Bahinabai Chaudhari North Maharashtra University, Jalgaon",0500350710,Chemical Engineering,GOPENO,40636,87.9466479,Stage I,2025-26,1,2
05003,"University Institute Of Chemical Technology, North Maharashtra University, Jalgaon",Jalgaon,University Department,Non-Autonomous,"Kavayitri Bahinabai Chaudhari North Maharashtra University, Jalgaon","Kavayitri Bahinabai Chaudhari North Maharashtra University, Jalgaon",0500350710,Chemical Engineering,GSCO,70247,78.5512207,Stage I,2025-26,1,2
05003,"University Institute Of Chemical Technology, North Maharashtra University, Jalgaon",Jalgaon,University Department,Non-Autonomous,"Kavayitri Bahinabai Chaudhari North Maharashtra University, Jalgaon","Kavayitri Bahinabai Chaudhari North Maharashtra University, Jalgaon",0500350710,Chemical Engineering,GSTO,95868,69.0979021,Stage I,2025-26,1,2
05003,"University Institute Of Chemical Technology, North Maharashtra University, Jalgaon",Jalgaon,University Department,Non-Autonomous,"Kavayitri Bahinabai Chaudhari North Maharashtra University, Jalgaon","Kavayitri Bahinabai Chaudhari North Maharashtra University, Jalgaon",0500350710,Chemical Engineering,GOBCO,46416,86.2041018,Stage I,2025-26,1,2
05003,"University Institute Of Chemical Technology, North Maharashtra University, Jalgaon",Jalgaon,University Department,Non-Autonomous,"Kavayitri Bahinabai Chaudhari North Maharashtra University, Jalgaon","Kavayitri Bahinabai Chaudhari North Maharashtra University, Jalgaon",0500350710,Chemical Engineering,GSEBCO,165093,33.465035,Stage I,2025-26,1,2
05003,"University Institute Of Chemical Technology, North Maharashtra University, Jalgaon",Jalgaon,University Department,Non-Autonomous,"Kavayitri Bahinabai Chaudhari North Maharashtra University, Jalgaon","Kavayitri Bahinabai Chaudhari North Maharashtra University, Jalgaon",0500350710,Chemical Engineering,LOPENO,43140,87.2335313,Stage I,2025-26,1,2
05003,"University Institute Of Chemical Technology, North Maharashtra University, Jalgaon",Jalgaon,University Department,Non-Autonomous,"Kavayitri Bahinabai Chaudhari North Maharashtra University, Jalgaon","Kavayitri Bahinabai Chaudhari North Maharashtra University, Jalgaon",0500350710,Chemical Engineering,LSCO,63425,80.7807182,Stage I,2025-26,1,2
05003,"University Institute Of Chemical Technology, North Maharashtra University, Jalgaon",Jalgaon,University Department,Non-Autonomous,"Kavayitri Bahinabai Chaudhari North Maharashtra University, Jalgaon","Kavayitri Bahinabai Chaudhari North Maharashtra University, Jalgaon",0500350710,Chemical Engineering,LNT2O,133042,52.5968356,Stage I,2025-26,1,2
05003,"University Institute Of Chemical Technology, North Maharashtra University, Jalgaon",Jalgaon,University Department,Non-Autonomous,"Kavayitri Bahinabai Chaudhari North Maharashtra University, Jalgaon","Kavayitri Bahinabai Chaudhari North Maharashtra University, Jalgaon",0500350710,Chemical Engineering,LOBCO,60446,81.6453226,Stage I,2025-26,1,2
05003,"University Institute Of Chemical Technology, North Maharashtra University, Jalgaon",Jalgaon,University Department,Non-Autonomous,"Kavayitri Bahinabai Chaudhari North Maharashtra University, Jalgaon","Kavayitri Bahinabai Chaudhari North Maharashtra University, Jalgaon",0500350710,Chemical Engineering,GNT1O,192200,12.5776664,Stage I,2025-26,1,2
05003,"University Institute Of Chemical Technology, North Maharashtra University, Jalgaon",Jalgaon,University Department,Non-Autonomous,"Kavayitri Bahinabai Chaudhari North Maharashtra University, Jalgaon","Kavayitri Bahinabai Chaudhari North Maharashtra University, Jalgaon",0500350710,Chemical Engineering,TFWS,48331,85.5729148,Stage I,2025-26,1,2
05003,"University Institute Of Chemical Technology, North Maharashtra University, Jalgaon",Jalgaon,University Department,Non-Autonomous,"Kavayitri Bahinabai Chaudhari North Maharashtra University, Jalgaon","Kavayitri Bahinabai Chaudhari North Maharashtra University, Jalgaon",0500350710,Chemical Engineering,ORPHAN,173598,28.3031822,Stage I,2025-26,1,2
05003,"University Institute Of Chemical Technology, North Maharashtra University, Jalgaon",Jalgaon,University Department,Non-Autonomous,"Kavayitri Bahinabai Chaudhari North Maharashtra University, Jalgaon","Kavayitri Bahinabai Chaudhari North Maharashtra University, Jalgaon",0500350710,Chemical Engineering,EWS,113712,61.6834321,Stage I,2025-26,1,2
05003,"University Institute Of Chemical Technology, North Maharashtra University, Jalgaon",Jalgaon,University Department,Non-Autonomous,"Kavayitri Bahinabai Chaudhari North Maharashtra University, Jalgaon","Kavayitri Bahinabai Chaudhari North Maharashtra University, Jalgaon",0500350810,Plastic Technology,GOPENH,113954,61.5619516,Stage I,2025-26,1,3
05003,"University Institute Of Chemical Technology, North Maharashtra University, Jalgaon",Jalgaon,University Department,Non-Autonomous,"Kavayitri Bahinabai Chaudhari North Maharashtra University, Jalgaon","Kavayitri Bahinabai Chaudhari North Maharashtra University, Jalgaon",0500350810,Plastic Technology,GOBCH,130333,53.7591782,Stage I,2025-26,1,3
05003,"University Institute Of Chemical Technology, North Maharashtra University, Jalgaon",Jalgaon,University Department,Non-Autonomous,"Kavayitri Bahinabai Chaudhari North Maharashtra University, Jalgaon","Kavayitri Bahinabai Chaudhari North Maharashtra University, Jalgaon",0500350810,Plastic Technology,LOPENH,90201,71.4755245,Stage I,2025-26,1,3
05003,"University Institute Of Chemical Technology, North Maharashtra University, Jalgaon",Jalgaon,University Department,Non-Autonomous,"Kavayitri Bahinabai Chaudhari North Maharashtra University, Jalgaon","Kavayitri Bahinabai Chaudhari North Maharashtra University, Jalgaon",0500350810,Plastic Technology,GOPENO,122007,57.6249683,Stage I,2025-26,1,3
05003,"University Institute Of Chemical Technology, North Maharashtra University, Jalgaon",Jalgaon,University Department,Non-Autonomous,"Kavayitri Bahinabai Chaudhari North Maharashtra University, Jalgaon","Kavayitri Bahinabai Chaudhari North Maharashtra University, Jalgaon",0500350810,Plastic Technology,GOBCO,178138,24.8659004,Stage I,2025-26,1,3
05003,"University Institute Of Chemical Technology, North Maharashtra University, Jalgaon",Jalgaon,University Department,Non-Autonomous,"Kavayitri Bahinabai Chaudhari North Maharashtra University, Jalgaon","Kavayitri Bahinabai Chaudhari North Maharashtra University, Jalgaon",0500350810,Plastic Technology,LOPENO,140060,49.2256217,Stage I,2025-26,1,3
05003,"University Institute Of Chemical Technology, North Maharashtra University, Jalgaon",Jalgaon,University Department,Non-Autonomous,"Kavayitri Bahinabai Chaudhari North Maharashtra University, Jalgaon","Kavayitri Bahinabai Chaudhari North Maharashtra University, Jalgaon",0500350810,Plastic Technology,LSEBCO,138639,49.6043895,Stage II,2025-26,1,3
05003,"University Institute Of Chemical Technology, North Maharashtra University, Jalgaon",Jalgaon,University Department,Non-Autonomous,"Kavayitri Bahinabai Chaudhari North Maharashtra University, Jalgaon","Kavayitri Bahinabai Chaudhari North Maharashtra University, Jalgaon",0500350810,Plastic Technology,TFWS,127605,55.1895416,Stage I,2025-26,1,3
05003,"University Institute Of Chemical Technology, North Maharashtra University, Jalgaon",Jalgaon,University Department,Non-Autonomous,"Kavayitri Bahinabai Chaudhari North Maharashtra University, Jalgaon","Kavayitri Bahinabai Chaudhari North Maharashtra University, Jalgaon",0500350810,Plastic Technology,EWS,143382,47.13962,Stage I,2025-26,1,3
05003,"University Institute Of Chemical Technology, North Maharashtra University, Jalgaon",Jalgaon,University Department,Non-Autonomous,"Kavayitri Bahinabai Chaudhari North Maharashtra University, Jalgaon","Kavayitri Bahinabai Chaudhari North Maharashtra University, Jalgaon",0500351810,Oil Fats And Waxes Technology,GOPENH,152122,42.6339209,Stage I,2025-26,1,4
05003,"University Institute Of Chemical Technology, North Maharashtra University, Jalgaon",Jalgaon,University Department,Non-Autonomous,"Kavayitri Bahinabai Chaudhari North Maharashtra University, Jalgaon","Kavayitri Bahinabai Chaudhari North Maharashtra University, Jalgaon",0500351810,Oil Fats And Waxes Technology,GSCH,168518,32.0008834,Stage I,2025-26,1,4
05003,"University Institute Of Chemical Technology, North Maharashtra University, Jalgaon",Jalgaon,University Department,Non-Autonomous,"Kavayitri Bahinabai Chaudhari North Maharashtra University, Jalgaon","Kavayitri Bahinabai Chaudhari North Maharashtra University, Jalgaon",0500351810,Oil Fats And Waxes Technology,GOBCH,154653,40.0432529,Stage I,2025-26,1,4
05003,"University Institute Of Chemical Technology, North Maharashtra University, Jalgaon",Jalgaon,University Department,Non-Autonomous,"Kavayitri Bahinabai Chaudhari North Maharashtra University, Jalgaon","Kavayitri Bahinabai Chaudhari North Maharashtra University, Jalgaon",0500351810,Oil Fats And Waxes Technology,LOPENH,140510,49.1540892,Stage I,2025-26,1,4
05003,"University Institute Of Chemical Technology, North Maharashtra University, Jalgaon",Jalgaon,University Department,Non-Autonomous,"Kavayitri Bahinabai Chaudhari North Maharashtra University, Jalgaon","Kavayitri Bahinabai Chaudhari North Maharashtra University, Jalgaon",0500351810,Oil Fats And Waxes Technology,LSCH,162519,35.7798895,Stage I,2025-26,1,4
05003,"University Institute Of Chemical Technology, North Maharashtra University, Jalgaon",Jalgaon,University Department,Non-Autonomous,"Kavayitri Bahinabai Chaudhari North Maharashtra University, Jalgaon","Kavayitri Bahinabai Chaudhari North Maharashtra University, Jalgaon",0500351810,Oil Fats And Waxes Technology,LOBCH,146191,45.8266058,Stage I,2025-26,1,4
05003,"University Institute Of Chemical Technology, North Maharashtra University, Jalgaon",Jalgaon,University Department,Non-Autonomous,"Kavayitri Bahinabai Chaudhari North Maharashtra University, Jalgaon","Kavayitri Bahinabai Chaudhari North Maharashtra University, Jalgaon",0500351810,Oil Fats And Waxes Technology,GOPENO,65997,79.8919296,Stage I,2025-26,1,4
05003,"University Institute Of Chemical Technology, North Maharashtra University, Jalgaon",Jalgaon,University Department,Non-Autonomous,"Kavayitri Bahinabai Chaudhari North Maharashtra University, Jalgaon","Kavayitri Bahinabai Chaudhari North Maharashtra University, Jalgaon",0500351810,Oil Fats And Waxes Technology,GOBCO,72524,77.9513058,Stage I,2025-26,1,4
05003,"University Institute Of Chemical Technology, North Maharashtra University, Jalgaon",Jalgaon,University Department,Non-Autonomous,"Kavayitri Bahinabai Chaudhari North Maharashtra University, Jalgaon","Kavayitri Bahinabai Chaudhari North Maharashtra University, Jalgaon",0500351810,Oil Fats And Waxes Technology,TFWS,86861,72.6730266,Stage I,2025-26,1,4
05003,"University Institute Of Chemical Technology, North Maharashtra University, Jalgaon",Jalgaon,University Department,Non-Autonomous,"Kavayitri Bahinabai Chaudhari North Maharashtra University, Jalgaon","Kavayitri Bahinabai Chaudhari North Maharashtra University, Jalgaon",0500352310,Paints Technology,GOPENH,59938,81.940403,Stage I,2025-26,1,5
05003,"University Institute Of Chemical Technology, North Maharashtra University, Jalgaon",Jalgaon,University Department,Non-Autonomous,"Kavayitri Bahinabai Chaudhari North Maharashtra University, Jalgaon","Kavayitri Bahinabai Chaudhari North Maharashtra University, Jalgaon",0500352310,Paints Technology,GSCH,105686,65.3084343,Stage I,2025-26,1,5
05003,"University Institute Of Chemical Technology, North Maharashtra University, Jalgaon",Jalgaon,University Department,Non-Autonomous,"Kavayitri Bahinabai Chaudhari North Maharashtra University, Jalgaon","Kavayitri Bahinabai Chaudhari North Maharashtra University, Jalgaon",0500352310,Paints Technology,GNT2H,125614,56.2929777,Stage I,2025-26,1,5
05003,"University Institute Of Chemical Technology, North Maharashtra University, Jalgaon",Jalgaon,University Department,Non-Autonomous,"Kavayitri Bahinabai Chaudhari North Maharashtra University, Jalgaon","Kavayitri Bahinabai Chaudhari North Maharashtra University, Jalgaon",0500352310,Paints Technology,GOBCH,60578,81.6453226,Stage I,2025-26,1,5
05003,"University Institute Of Chemical Technology, North Maharashtra University, Jalgaon",Jalgaon,University Department,Non-Autonomous,"Kavayitri Bahinabai Chaudhari North Maharashtra University, Jalgaon","Kavayitri Bahinabai Chaudhari North Maharashtra University, Jalgaon",0500352310,Paints Technology,GSEBCH,87006,72.3760958,Stage I,2025-26,1,5
05003,"University Institute Of Chemical Technology, North Maharashtra University, Jalgaon",Jalgaon,University Department,Non-Autonomous,"Kavayitri Bahinabai Chaudhari North Maharashtra University, Jalgaon","Kavayitri Bahinabai Chaudhari North Maharashtra University, Jalgaon",0500352310,Paints Technology,LOPENH,44879,86.6751751,Stage I,2025-26,1,5
05003,"University Institute Of Chemical Technology, North Maharashtra University, Jalgaon",Jalgaon,University Department,Non-Autonomous,"Kavayitri Bahinabai Chaudhari North Maharashtra University, Jalgaon","Kavayitri Bahinabai Chaudhari North Maharashtra University, Jalgaon",0500352310,Paints Technology,LOBCH,49125,85.2215842,Stage I,2025-26,1,5
05003,"University Institute Of Chemical Technology, North Maharashtra University, Jalgaon",Jalgaon,University Department,Non-Autonomous,"Kavayitri Bahinabai Chaudhari North Maharashtra University, Jalgaon","Kavayitri Bahinabai Chaudhari North Maharashtra University, Jalgaon",0500352310,Paints Technology,GOPENO,41367,87.7785554,Stage I,2025-26,1,5
05003,"University Institute Of Chemical Technology, North Maharashtra University, Jalgaon",Jalgaon,University Department,Non-Autonomous,"Kavayitri Bahinabai Chaudhari North Maharashtra University, Jalgaon","Kavayitri Bahinabai Chaudhari North Maharashtra University, Jalgaon",0500352310,Paints Technology,GSCO,108167,63.8244514,Stage I,2025-26,1,5
05003,"University Institute Of Chemical Technology, North Maharashtra University, Jalgaon",Jalgaon,University Department,Non-Autonomous,"Kavayitri Bahinabai Chaudhari North Maharashtra University, Jalgaon","Kavayitri Bahinabai Chaudhari North Maharashtra University, Jalgaon",0500352310,Paints Technology,GVJO,95882,69.0979021,Stage I,2025-26,1,5
05003,"University Institute Of Chemical Technology, North Maharashtra University, Jalgaon",Jalgaon,University Department,Non-Autonomous,"Kavayitri Bahinabai Chaudhari North Maharashtra University, Jalgaon","Kavayitri Bahinabai Chaudhari North Maharashtra University, Jalgaon",0500352310,Paints Technology,LOPENO,72113,78.010417,Stage I,2025-26,1,5
05003,"University Institute Of Chemical Technology, North Maharashtra University, Jalgaon",Jalgaon,University Department,Non-Autonomous,"Kavayitri Bahinabai Chaudhari North Maharashtra University, Jalgaon","Kavayitri Bahinabai Chaudhari North Maharashtra University, Jalgaon",0500352310,Paints Technology,LOBCO,104982,65.630713,Stage I,2025-26,1,5
05003,"University Institute Of Chemical Technology, North Maharashtra University, Jalgaon",Jalgaon,University Department,Non-Autonomous,"Kavayitri Bahinabai Chaudhari North Maharashtra University, Jalgaon","Kavayitri Bahinabai Chaudhari North Maharashtra University, Jalgaon",0500352310,Paints Technology,TFWS,50329,84.9728618,Stage I,2025-26,1,5
05003,"University Institute Of Chemical Technology, North Maharashtra University, Jalgaon",Jalgaon,University Department,Non-Autonomous,"Kavayitri Bahinabai Chaudhari North Maharashtra University, Jalgaon","Kavayitri Bahinabai Chaudhari North Maharashtra University, Jalgaon",0500352310,Paints Technology,EWS,83073,73.7482517,Stage I,2025-26,1,5
05004,"Government College Of Engineering, Jalgaon",Jalgaon,Government,Autonomous,Autonomous Institute,Autonomous Institute,0500419110,Civil Engineering,GOPENS,65957,79.8919296,Stage I,2025-26,1,6
05004,"Government College Of Engineering, Jalgaon",Jalgaon,Government,Autonomous,Autonomous Institute,Autonomous Institute,0500419110,Civil Engineering,GSCS,97388,68.4702591,Stage I,2025-26,1,6
05004,"Government College Of Engineering, Jalgaon",Jalgaon,Government,Autonomous,Autonomous Institute,Autonomous Institute,0500419110,Civil Engineering,GSTS,112669,62.0615406,Stage I,2025-26,1,6
05004,"Government College Of Engineering, Jalgaon",Jalgaon,Government,Autonomous,Autonomous Institute,Autonomous Institute,0500419110,Civil Engineering,GVJS,73279,77.1631566,Stage I,2025-26,1,6
05004,"Government College Of Engineering, Jalgaon",Jalgaon,Government,Autonomous,Autonomous Institute,Autonomous Institute,0500419110,Civil Engineering,GNT2S,84718,73.4722277,Stage I,2025-26,1,6
05004,"Government College Of Engineering, Jalgaon",Jalgaon,Government,Autonomous,Autonomous Institute,Autonomous Institute,0500419110,Civil Engineering,GOBCS,71386,78.2396759,Stage I,2025-26,1,6
05004,"Government College Of Engineering, Jalgaon",Jalgaon,Government,Autonomous,Autonomous Institute,Autonomous Institute,0500419110,Civil Engineering,GSEBCS,82011,74.0630785,Stage I,2025-26,1,6
05004,"Government College Of Engineering, Jalgaon",Jalgaon,Government,Autonomous,Autonomous Institute,Autonomous Institute,0500419110,Civil Engineering,LOPENS,47733,85.8501253,Stage I,2025-26,1,6
05004,"Government College Of Engineering, Jalgaon",Jalgaon,Government,Autonomous,Autonomous Institute,Autonomous Institute,0500419110,Civil Engineering,LSCS,117064,60.3213757,Stage I,2025-26,1,6
05004,"Government College Of Engineering, Jalgaon",Jalgaon,Government,Autonomous,Autonomous Institute,Autonomous Institute,0500419110,Civil Engineering,LSTS,62743,81.0133535,Stage I,2025-26,1,6
05004,"Government College Of Engineering, Jalgaon",Jalgaon,Government,Autonomous,Autonomous Institute,Autonomous Institute,0500419110,Civil Engineering,LVJS,105176,65.5190641,Stage I,2025-26,1,6
05004,"Government College Of Engineering, Jalgaon",Jalgaon,Government,Autonomous,Autonomous Institute,Autonomous Institute,0500419110,Civil Engineering,LNT1S,82766,73.7482517,Stage I,2025-26,1,6
05004,"Government College Of Engineering, Jalgaon",Jalgaon,Government,Autonomous,Autonomous Institute,Autonomous Institute,0500419110,Civil Engineering,LNT2S,76985,75.8001957,Stage I,2025-26,1,6
05004,"Government College Of Engineering, Jalgaon",Jalgaon,Government,Autonomous,Autonomous Institute,Autonomous Institute,0500419110,Civil Engineering,LNT3S,99866,67.8210479,Stage I,2025-26,1,6
05004,"Government College Of Engineering, Jalgaon",Jalgaon,Government,Autonomous,Autonomous Institute,Autonomous Institute,0500419110,Civil Engineering,LOBCS,59841,81.940403,Stage I,2025-26,1,6
05004,"Government College Of Engineering, Jalgaon",Jalgaon,Government,Autonomous,Autonomous Institute,Autonomous Institute,0500419110,Civil Engineering,LSEBCS,132139,53.2228937,Stage I,2025-26,1,6
05004,"Government College Of Engineering, Jalgaon",Jalgaon,Government,Autonomous,Autonomous Institute,Autonomous Institute,0500419110,Civil Engineering,DEFOPENS,155594,39.7546871,Stage I,2025-26,1,6
05004,"Government College Of Engineering, Jalgaon",Jalgaon,Government,Autonomous,Autonomous Institute,Autonomous Institute,0500419110,Civil Engineering,DEFOBCS,182320,21.5882968,Stage I,2025-26,1,6
05004,"Government College Of Engineering, Jalgaon",Jalgaon,Government,Autonomous,Autonomous Institute,Autonomous Institute,0500419110,Civil Engineering,TFWS,51861,84.4950314,Stage I,2025-26,1,6
05004,"Government College Of Engineering, Jalgaon",Jalgaon,Government,Autonomous,Autonomous Institute,Autonomous Institute,0500419110,Civil Engineering,DEFROBCS,174371,28.1994074,Stage I,2025-26,1,6
05004,"Government College Of Engineering, Jalgaon",Jalgaon,Government,Autonomous,Autonomous Institute,Autonomous Institute,0500419110,Civil Engineering,EWS,162504,35.7798895,Stage I,2025-26,1,6
05004,"Government College Of Engineering, Jalgaon",Jalgaon,Government,Autonomous,Autonomous Institute,Autonomous Institute,0500424510,Computer Engineering,GOPENS,24495,92.8770798,Stage I,2025-26,1,6
05004,"Government College Of Engineering, Jalgaon",Jalgaon,Government,Autonomous,Autonomous Institute,Autonomous Institute,0500424510,Computer Engineering,GSCS,46613,85.9982332,Stage I,2025-26,1,6
05004,"Government College Of Engineering, Jalgaon",Jalgaon,Government,Autonomous,Autonomous Institute,Autonomous Institute,0500424510,Computer Engineering,GSTS,106571,64.713186,Stage I,2025-26,1,6
05004,"Government College Of Engineering, Jalgaon",Jalgaon,Government,Autonomous,Autonomous Institute,Autonomous Institute,0500424510,Computer Engineering,GVJS,24825,92.7805181,Stage I,2025-26,1,6
05004,"Government College Of Engineering, Jalgaon",Jalgaon,Government,Autonomous,Autonomous Institute,Autonomous Institute,0500424510,Computer Engineering,GNT1S,37482,88.9609194,Stage I,2025-26,1,6
05004,"Government College Of Engineering, Jalgaon",Jalgaon,Government,Autonomous,Autonomous Institute,Autonomous Institute,0500424510,Computer Engineering,GNT2S,33448,90.1551333,Stage I,2025-26,1,6
05004,"Government College Of Engineering, Jalgaon",Jalgaon,Government,Autonomous,Autonomous Institute,Autonomous Institute,0500424510,Computer Engineering,GNT3S,37359,88.9773781,Stage I,2025-26,1,6
05004,"Government College Of Engineering, Jalgaon",Jalgaon,Government,Autonomous,Autonomous Institute,Autonomous Institute,0500424510,Computer Engineering,GOBCS,30544,91.051072,Stage I,2025-26,1,6
05004,"Government College Of Engineering, Jalgaon",Jalgaon,Government,Autonomous,Autonomous Institute,Autonomous Institute,0500424510,Computer Engineering,GSEBCS,32150,90.588192,Stage I,2025-26,1,6
05004,"Government College Of Engineering, Jalgaon",Jalgaon,Government,Autonomous,Autonomous Institute,Autonomous Institute,0500424510,Computer Engineering,LOPENS,27068,92.0769231,Stage I,2025-26,1,6
05004,"Government College Of Engineering, Jalgaon",Jalgaon,Government,Autonomous,Autonomous Institute,Autonomous Institute,0500424510,Computer Engineering,LSCS,43036,87.3029561,Stage I,2025-26,1,6
05004,"Government College Of Engineering, Jalgaon",Jalgaon,Government,Autonomous,Autonomous Institute,Autonomous Institute,0500424510,Computer Engineering,LSTS,67791,79.3730892,Stage I,2025-26,1,6
05004,"Government College Of Engineering, Jalgaon",Jalgaon,Government,Autonomous,Autonomous Institute,Autonomous Institute,0500424510,Computer Engineering,LVJS,51357,84.621564,Stage I,2025-26,1,6
05004,"Government College Of Engineering, Jalgaon",Jalgaon,Government,Autonomous,Autonomous Institute,Autonomous Institute,0500424510,Computer Engineering,LOBCS,30212,91.082078,Stage I,2025-26,1,6
05004,"Government College Of Engineering, Jalgaon",Jalgaon,Government,Autonomous,Autonomous Institute,Autonomous Institute,0500424510,Computer Engineering,LSEBCS,35129,89.682715,Stage I,2025-26,1,6
05004,"Government College Of Engineering, Jalgaon",Jalgaon,Government,Autonomous,Autonomous Institute,Autonomous Institute,0500424510,Computer Engineering,PWDOPENS,106431,64.713186,Stage I,2025-26,1,6
05004,"Government College Of Engineering, Jalgaon",Jalgaon,Government,Autonomous,Autonomous Institute,Autonomous Institute,0500424510,Computer Engineering,PWDOBCS,160348,36.226012,Stage I,2025-26,1,6
05004,"Government College Of Engineering, Jalgaon",Jalgaon,Government,Autonomous,Autonomous Institute,Autonomous Institute,0500424510,Computer Engineering,DEFOPENS,72330,77.9513058,Stage I,2025-26,1,6
05004,"Government College Of Engineering, Jalgaon",Jalgaon,Government,Autonomous,Autonomous Institute,Autonomous Institute,0500424510,Computer Engineering,DEFOBCS,111131,62.918458,Stage I,2025-26,1,6
05004,"Government College Of Engineering, Jalgaon",Jalgaon,Government,Autonomous,Autonomous Institute,Autonomous Institute,0500424510,Computer Engineering,TFWS,20893,93.9463602,Stage I,2025-26,1,6
05004,"Government College Of Engineering, Jalgaon",Jalgaon,Government,Autonomous,Autonomous Institute,Autonomous Institute,0500424510,Computer Engineering,DEFROBCS,75684,76.7694659,Stage I,2025-26,1,6
05004,"Government College Of Engineering, Jalgaon",Jalgaon,Government,Autonomous,Autonomous Institute,Autonomous Institute,0500424510,Computer Engineering,ORPHAN,141749,47.8015007,Stage I,2025-26,1,6
05004,"Government College Of Engineering, Jalgaon",Jalgaon,Government,Autonomous,Autonomous Institute,Autonomous Institute,0500424510,Computer Engineering,EWS,42298,87.4115391,Stage I,2025-26,1,6
05004,"Government College Of Engineering, Jalgaon",Jalgaon,Government,Autonomous,Autonomous Institute,Autonomous Institute,0500429310,Electrical Engineering,GOPENS,62640,81.0403668,Stage I,2025-26,1,6
05004,"Government College Of Engineering, Jalgaon",Jalgaon,Government,Autonomous,Autonomous Institute,Autonomous Institute,0500429310,Electrical Engineering,GSCS,86297,72.7429418,Stage I,2025-26,1,6
05004,"Government College Of Engineering, Jalgaon",Jalgaon,Government,Autonomous,Autonomous Institute,Autonomous Institute,0500429310,Electrical Engineering,GSTS,148470,43.74434,Stage I,2025-26,1,6
05004,"Government College Of Engineering, Jalgaon",Jalgaon,Government,Autonomous,Autonomous Institute,Autonomous Institute,0500429310,Electrical Engineering,GVJS,77567,75.6538462,Stage I,2025-26,1,6
05004,"Government College Of Engineering, Jalgaon",Jalgaon,Government,Autonomous,Autonomous Institute,Autonomous Institute,0500429310,Electrical Engineering,GNT1S,88208,71.8498844,Stage I,2025-26,1,6
05004,"Government College Of Engineering, Jalgaon",Jalgaon,Government,Autonomous,Autonomous Institute,Autonomous Institute,0500429310,Electrical Engineering,GNT2S,62845,81.0133535,Stage I,2025-26,1,6
05004,"Government College Of Engineering, Jalgaon",Jalgaon,Government,Autonomous,Autonomous Institute,Autonomous Institute,0500429310,Electrical Engineering,GOBCS,66963,79.6986029,Stage I,2025-26,1,6
05004,"Government College Of Engineering, Jalgaon",Jalgaon,Government,Autonomous,Autonomous Institute,Autonomous Institute,0500429310,Electrical Engineering,GSEBCS,95395,69.2179237,Stage I,2025-26,1,6
05004,"Government College Of Engineering, Jalgaon",Jalgaon,Government,Autonomous,Autonomous Institute,Autonomous Institute,0500429310,Electrical Engineering,LOPENS,64140,80.4732503,Stage I,2025-26,1,6
05004,"Government College Of Engineering, Jalgaon",Jalgaon,Government,Autonomous,Autonomous Institute,Autonomous Institute,0500429310,Electrical Engineering,LSCS,90262,71.4755245,Stage I,2025-26,1,6
05004,"Government College Of Engineering, Jalgaon",Jalgaon,Government,Autonomous,Autonomous Institute,Autonomous Institute,0500429310,Electrical Engineering,LSTS,202445,1.8591977,Stage I,2025-26,1,6
05004,"Government College Of Engineering, Jalgaon",Jalgaon,Government,Autonomous,Autonomous Institute,Autonomous Institute,0500429310,Electrical Engineering,LNT1S,65966,79.8919296,Stage I,2025-26,1,6
05004,"Government College Of Engineering, Jalgaon",Jalgaon,Government,Autonomous,Autonomous Institute,Autonomous Institute,0500429310,Electrical Engineering,LNT2S,93490,70.2033567,Stage I,2025-26,1,6
05004,"Government College Of Engineering, Jalgaon",Jalgaon,Government,Autonomous,Autonomous Institute,Autonomous Institute,0500429310,Electrical Engineering,LNT3S,137461,50.4913264,Stage I,2025-26,1,6
05004,"Government College Of Engineering, Jalgaon",Jalgaon,Government,Autonomous,Autonomous Institute,Autonomous Institute,0500429310,Electrical Engineering,LOBCS,73543,77.161886,Stage I,2025-26,1,6
05004,"Government College Of Engineering, Jalgaon",Jalgaon,Government,Autonomous,Autonomous Institute,Autonomous Institute,0500429310,Electrical Engineering,LSEBCS,98377,68.2382408,Stage I,2025-26,1,6
05004,"Government College Of Engineering, Jalgaon",Jalgaon,Government,Autonomous,Autonomous Institute,Autonomous Institute,0500429310,Electrical Engineering,DEFOPENS,143267,47.13962,Stage I,2025-26,1,6
05004,"Government College Of Engineering, Jalgaon",Jalgaon,Government,Autonomous,Autonomous Institute,Autonomous Institute,0500429310,Electrical Engineering,TFWS,48208,85.6182564,Stage I,2025-26,1,6
05004,"Government College Of Engineering, Jalgaon",Jalgaon,Government,Autonomous,Autonomous Institute,Autonomous Institute,0500429310,Electrical Engineering,EWS,142218,47.7841578,Stage I,2025-26,1,6
05004,"Government College Of Engineering, Jalgaon",Jalgaon,Government,Autonomous,Autonomous Institute,Autonomous Institute,0500437210,Electronics And Telecommunication Engg,GOPENS,41057,87.9235179,Stage I,2025-26,1,6
05004,"Government College Of Engineering, Jalgaon",Jalgaon,Government,Autonomous,Autonomous Institute,Autonomous Institute,0500437210,Electronics And Telecommunication Engg,GSCS,69468,78.6137148,Stage I,2025-26,1,6
05004,"Government College Of Engineering, Jalgaon",Jalgaon,Government,Autonomous,Autonomous Institute,Autonomous Institute,0500437210,Electronics And Telecommunication Engg,GSTS,195187,9.8110718,Stage I,2025-26,1,6
05004,"Government College Of Engineering, Jalgaon",Jalgaon,Government,Autonomous,Autonomous Institute,Autonomous Institute,0500437210,Electronics And Telecommunication Engg,GVJS,74564,76.9322569,Stage I,2025-26,1,6
05004,"Government College Of Engineering, Jalgaon",Jalgaon,Government,Autonomous,Autonomous Institute,Autonomous Institute,0500437210,Electronics And Telecommunication Engg,GNT1S,47064,85.9124978,Stage I,2025-26,1,6
05004,"Government College Of Engineering, Jalgaon",Jalgaon,Government,Autonomous,Autonomous Institute,Autonomous Institute,0500437210,Electronics And Telecommunication Engg,GNT2S,50381,84.8811189,Stage I,2025-26,1,6
05004,"Government College Of Engineering, Jalgaon",Jalgaon,Government,Autonomous,Autonomous Institute,Autonomous Institute,0500437210,Electronics And Telecommunication Engg,GNT3S,51370,84.621564,Stage I,2025-26,1,6
05004,"Government College Of Engineering, Jalgaon",Jalgaon,Government,Autonomous,Autonomous Institute,Autonomous Institute,0500437210,Electronics And Telecommunication Engg,GOBCS,43704,87.0316109,Stage I,2025-26,1,6
05004,"Government College Of Engineering, Jalgaon",Jalgaon,Government,Autonomous,Autonomous Institute,Autonomous Institute,0500437210,Electronics And Telecommunication Engg,GSEBCS,53055,84.0903324,Stage I,2025-26,1,6
05004,"Government College Of Engineering, Jalgaon",Jalgaon,Government,Autonomous,Autonomous Institute,Autonomous Institute,0500437210,Electronics And Telecommunication Engg,LOPENS,38102,88.7615737,Stage I,2025-26,1,6
05004,"Government College Of Engineering, Jalgaon",Jalgaon,Government,Autonomous,Autonomous Institute,Autonomous Institute,0500437210,Electronics And Telecommunication Engg,LSCS,57859,82.4521073,Stage I,2025-26,1,6
05004,"Government College Of Engineering, Jalgaon",Jalgaon,Government,Autonomous,Autonomous Institute,Autonomous Institute,0500437210,Electronics And Telecommunication Engg,LSTS,151199,42.9247346,Stage I,2025-26,1,6
05004,"Government College Of Engineering, Jalgaon",Jalgaon,Government,Autonomous,Autonomous Institute,Autonomous Institute,0500437210,Electronics And Telecommunication Engg,LOBCS,38812,88.5563899,Stage I,2025-26,1,6
05004,"Government College Of Engineering, Jalgaon",Jalgaon,Government,Autonomous,Autonomous Institute,Autonomous Institute,0500437210,Electronics And Telecommunication Engg,LSEBCS,54710,83.4924535,Stage I,2025-26,1,6
05004,"Government College Of Engineering, Jalgaon",Jalgaon,Government,Autonomous,Autonomous Institute,Autonomous Institute,0500437210,Electronics And Telecommunication Engg,DEFOPENS,134791,51.57164,Stage I,2025-26,1,6
05004,"Government College Of Engineering, Jalgaon",Jalgaon,Government,Autonomous,Autonomous Institute,Autonomous Institute,0500437210,Electronics And Telecommunication Engg,TFWS,34931,89.7089209,Stage I,2025-26,1,6
05004,"Government College Of Engineering, Jalgaon",Jalgaon,Government,Autonomous,Autonomous Institute,Autonomous Institute,0500437210,Electronics And Telecommunication Engg,EWS,98389,68.2382408,Stage I,2025-26,1,6
05004,"Government College Of Engineering, Jalgaon",Jalgaon,Government,Autonomous,Autonomous Institute,Autonomous Institute,0500446610,Instrumentation Engineering,GOPENS,97057,68.4887011,Stage I,2025-26,1,7
05004,"Government College Of Engineering, Jalgaon",Jalgaon,Government,Autonomous,Autonomous Institute,Autonomous Institute,0500446610,Instrumentation Engineering,GSCS,140177,49.1540892,Stage I,2025-26,1,7
05004,"Government College Of Engineering, Jalgaon",Jalgaon,Government,Autonomous,Autonomous Institute,Autonomous Institute,0500446610,Instrumentation Engineering,GVJS,135128,51.1762787,Stage I,2025-26,1,7
05004,"Government College Of Engineering, Jalgaon",Jalgaon,Government,Autonomous,Autonomous Institute,Autonomous Institute,0500446610,Instrumentation Engineering,GNT1S,113763,61.6834321,Stage I,2025-26,1,7
05004,"Government College Of Engineering, Jalgaon",Jalgaon,Government,Autonomous,Autonomous Institute,Autonomous Institute,0500446610,Instrumentation Engineering,GNT2S,128780,54.5739657,Stage I,2025-26,1,7
05004,"Government College Of Engineering, Jalgaon",Jalgaon,Government,Autonomous,Autonomous Institute,Autonomous Institute,0500446610,Instrumentation Engineering,GNT3S,112918,62.0615406,Stage I,2025-26,1,7
05004,"Government College Of Engineering, Jalgaon",Jalgaon,Government,Autonomous,Autonomous Institute,Autonomous Institute,0500446610,Instrumentation Engineering,GOBCS,99792,67.8210479,Stage I,2025-26,1,7
05004,"Government College Of Engineering, Jalgaon",Jalgaon,Government,Autonomous,Autonomous Institute,Autonomous Institute,0500446610,Instrumentation Engineering,GSEBCS,193175,11.6988417,Stage I,2025-26,1,7
05004,"Government College Of Engineering, Jalgaon",Jalgaon,Government,Autonomous,Autonomous Institute,Autonomous Institute,0500446610,Instrumentation Engineering,LOPENS,86903,72.6730266,Stage I,2025-26,1,7
05004,"Government College Of Engineering, Jalgaon",Jalgaon,Government,Autonomous,Autonomous Institute,Autonomous Institute,0500446610,Instrumentation Engineering,LSCS,196965,7.9877752,Stage I,2025-26,1,7
05004,"Government College Of Engineering, Jalgaon",Jalgaon,Government,Autonomous,Autonomous Institute,Autonomous Institute,0500446610,Instrumentation Engineering,LVJS,152801,41.7471281,Stage I,2025-26,1,7
05004,"Government College Of Engineering, Jalgaon",Jalgaon,Government,Autonomous,Autonomous Institute,Autonomous Institute,0500446610,Instrumentation Engineering,LNT2S,169601,31.5596589,Stage I,2025-26,1,7
05004,"Government College Of Engineering, Jalgaon",Jalgaon,Government,Autonomous,Autonomous Institute,Autonomous Institute,0500446610,Instrumentation Engineering,LOBCS,91056,71.0971787,Stage I,2025-26,1,7
05004,"Government College Of Engineering, Jalgaon",Jalgaon,Government,Autonomous,Autonomous Institute,Autonomous Institute,0500446610,Instrumentation Engineering,TFWS,97172,68.4887011,Stage I,2025-26,1,7
05004,"Government College Of Engineering, Jalgaon",Jalgaon,Government,Autonomous,Autonomous Institute,Autonomous Institute,0500446610,Instrumentation Engineering,EWS,166233,32.5553935,Stage I,2025-26,1,7
05004,"Government College Of Engineering, Jalgaon",Jalgaon,Government,Autonomous,Autonomous Institute,Autonomous Institute,0500446610,Instrumentation Engineering,LSCS,143619,47.0502678,Stage II,2025-26,1,7
05004,"Government College Of Engineering, Jalgaon",Jalgaon,Government,Autonomous,Autonomous Institute,Autonomous Institute,0500461210,Mechanical Engineering,GOPENS,60821,81.6328671,Stage I,2025-26,1,7
05004,"Government College Of Engineering, Jalgaon",Jalgaon,Government,Autonomous,Autonomous Institute,Autonomous Institute,0500461210,Mechanical Engineering,GSCS,88896,71.6607627,Stage I,2025-26,1,7
05004,"Government College Of Engineering, Jalgaon",Jalgaon,Government,Autonomous,Autonomous Institute,Autonomous Institute,0500461210,Mechanical Engineering,GSTS,137036,50.5909012,Stage I,2025-26,1,7
05004,"Government College Of Engineering, Jalgaon",Jalgaon,Government,Autonomous,Autonomous Institute,Autonomous Institute,0500461210,Mechanical Engineering,GVJS,81099,74.9785452,Stage I,2025-26,1,7
05004,"Government College Of Engineering, Jalgaon",Jalgaon,Government,Autonomous,Autonomous Institute,Autonomous Institute,0500461210,Mechanical Engineering,GNT1S,107855,64.2631037,Stage I,2025-26,1,7
05004,"Government College Of Engineering, Jalgaon",Jalgaon,Government,Autonomous,Autonomous Institute,Autonomous Institute,0500461210,Mechanical Engineering,GNT2S,74895,76.8973331,Stage I,2025-26,1,7
05004,"Government College Of Engineering, Jalgaon",Jalgaon,Government,Autonomous,Autonomous Institute,Autonomous Institute,0500461210,Mechanical Engineering,GNT3S,81079,74.9785452,Stage I,2025-26,1,7
05004,"Government College Of Engineering, Jalgaon",Jalgaon,Government,Autonomous,Autonomous Institute,Autonomous Institute,0500461210,Mechanical Engineering,GOBCS,70278,78.4342571,Stage I,2025-26,1,7
05004,"Government College Of Engineering, Jalgaon",Jalgaon,Government,Autonomous,Autonomous Institute,Autonomous Institute,0500461210,Mechanical Engineering,GSEBCS,84626,73.4722277,Stage I,2025-26,1,7
05004,"Government College Of Engineering, Jalgaon",Jalgaon,Government,Autonomous,Autonomous Institute,Autonomous Institute,0500461210,Mechanical Engineering,LOPENS,72982,77.2287062,Stage I,2025-26,1,7
05004,"Government College Of Engineering, Jalgaon",Jalgaon,Government,Autonomous,Autonomous Institute,Autonomous Institute,0500461210,Mechanical Engineering,LSCS,77012,75.8001957,Stage I,2025-26,1,7
05004,"Government College Of Engineering, Jalgaon",Jalgaon,Government,Autonomous,Autonomous Institute,Autonomous Institute,0500461210,Mechanical Engineering,LVJS,114607,61.1295449,Stage I,2025-26,1,7
05004,"Government College Of Engineering, Jalgaon",Jalgaon,Government,Autonomous,Autonomous Institute,Autonomous Institute,0500461210,Mechanical Engineering,LNT1S,135992,50.8281802,Stage I,2025-26,1,7
05004,"Government College Of Engineering, Jalgaon",Jalgaon,Government,Autonomous,Autonomous Institute,Autonomous Institute,0500461210,Mechanical Engineering,LNT2S,112752,62.0615406,Stage I,2025-26,1,7
05004,"Government College Of Engineering, Jalgaon",Jalgaon,Government,Autonomous,Autonomous Institute,Autonomous Institute,0500461210,Mechanical Engineering,LOBCS,83863,73.6159498,Stage I,2025-26,1,7
05004,"Government College Of Engineering, Jalgaon",Jalgaon,Government,Autonomous,Autonomous Institute,Autonomous Institute,0500461210,Mechanical Engineering,LSEBCS,80091,75.1927485,Stage I,2025-26,1,7
05004,"Government College Of Engineering, Jalgaon",Jalgaon,Government,Autonomous,Autonomous Institute,Autonomous Institute,0500461210,Mechanical Engineering,DEFOPENS,126912,55.4922986,Stage I,2025-26,1,7
05004,"Government College Of Engineering, Jalgaon",Jalgaon,Government,Autonomous,Autonomous Institute,Autonomous Institute,0500461210,Mechanical Engineering,TFWS,52652,84.1437716,Stage I,2025-26,1,7
05004,"Government College Of Engineering, Jalgaon",Jalgaon,Government,Autonomous,Autonomous Institute,Autonomous Institute,0500461210,Mechanical Engineering,EWS,139962,49.2256217,Stage I,2025-26,1,7
05004,"Government College Of Engineering, Jalgaon",Jalgaon,Government,Autonomous,Autonomous Institute,Autonomous Institute,0500461210,Mechanical Engineering,LSTS,163608,35.4407253,Stage II,2025-26,1,7
05104,"Shramsadhana Bombay Trust, College Of Engineering & Technology, Jalgaon",Jalgaon,Un-Aided,Non-Autonomous,"Kavayitri Bahinabai Chaudhari North Maharashtra University, Jalgaon","Kavayitri Bahinabai Chaudhari North Maharashtra University, Jalgaon",0510419110,Civil Engineering,GOPENH,138610,49.6043895,Stage I,2025-26,1,14
05104,"Shramsadhana Bombay Trust, College Of Engineering & Technology, Jalgaon",Jalgaon,Un-Aided,Non-Autonomous,"Kavayitri Bahinabai Chaudhari North Maharashtra University, Jalgaon","Kavayitri Bahinabai Chaudhari North Maharashtra University, Jalgaon",0510419110,Civil Engineering,GSTH,192119,12.9554081,Stage I,2025-26,1,14
05104,"Shramsadhana Bombay Trust, College Of Engineering & Technology, Jalgaon",Jalgaon,Un-Aided,Non-Autonomous,"Kavayitri Bahinabai Chaudhari North Maharashtra University, Jalgaon","Kavayitri Bahinabai Chaudhari North Maharashtra University, Jalgaon",0510419110,Civil Engineering,GVJH,149268,43.658874,Stage I,2025-26,1,14
05104,"Shramsadhana Bombay Trust, College Of Engineering & Technology, Jalgaon",Jalgaon,Un-Aided,Non-Autonomous,"Kavayitri Bahinabai Chaudhari North Maharashtra University, Jalgaon","Kavayitri Bahinabai Chaudhari North Maharashtra University, Jalgaon",0510419110,Civil Engineering,GNT2H,192048,12.9554081,Stage I,2025-26,1,14
05104,"Shramsadhana Bombay Trust, College Of Engineering & Technology, Jalgaon",Jalgaon,Un-Aided,Non-Autonomous,"Kavayitri Bahinabai Chaudhari North Maharashtra University, Jalgaon","Kavayitri Bahinabai Chaudhari North Maharashtra University, Jalgaon",0510419110,Civil Engineering,GOBCH,153052,41.4458186,Stage I,2025-26,1,14
05104,"Shramsadhana Bombay Trust, College Of Engineering & Technology, Jalgaon",Jalgaon,Un-Aided,Non-Autonomous,"Kavayitri Bahinabai Chaudhari North Maharashtra University, Jalgaon","Kavayitri Bahinabai Chaudhari North Maharashtra University, Jalgaon",0510419110,Civil Engineering,GSEBCH,191985,13.01665,Stage I,2025-26,1,14
05104,"Shramsadhana Bombay Trust, College Of Engineering & Technology, Jalgaon",Jalgaon,Un-Aided,Non-Autonomous,"Kavayitri Bahinabai Chaudhari North Maharashtra University, Jalgaon","Kavayitri Bahinabai Chaudhari North Maharashtra University, Jalgaon",0510419110,Civil Engineering,LOPENH,119523,58.8994542,Stage I,2025-26,1,14
05104,"Shramsadhana Bombay Trust, College Of Engineering & Technology, Jalgaon",Jalgaon,Un-Aided,Non-Autonomous,"Kavayitri Bahinabai Chaudhari North Maharashtra University, Jalgaon","Kavayitri Bahinabai Chaudhari North Maharashtra University, Jalgaon",0510419110,Civil Engineering,LSCH,157148,39.3344201,Stage I,2025-26,1,14
05104,"Shramsadhana Bombay Trust, College Of Engineering & Technology, Jalgaon",Jalgaon,Un-Aided,Non-Autonomous,"Kavayitri Bahinabai Chaudhari North Maharashtra University, Jalgaon","Kavayitri Bahinabai Chaudhari North Maharashtra University, Jalgaon",0510419110,Civil Engineering,LSTH,191728,13.2656066,Stage I,2025-26,1,14
05104,"Shramsadhana Bombay Trust, College Of Engineering & Technology, Jalgaon",Jalgaon,Un-Aided,Non-Autonomous,"Kavayitri Bahinabai Chaudhari North Maharashtra University, Jalgaon","Kavayitri Bahinabai Chaudhari North Maharashtra University, Jalgaon",0510419110,Civil Engineering,LOBCH,124476,56.8426573,Stage I,2025-26,1,14
05104,"Shramsadhana Bombay Trust, College Of Engineering & Technology, Jalgaon",Jalgaon,Un-Aided,Non-Autonomous,"Kavayitri Bahinabai Chaudhari North Maharashtra University, Jalgaon","Kavayitri Bahinabai Chaudhari North Maharashtra University, Jalgaon",0510419110,Civil Engineering,PWDOPENH,119061,59.1762367,Stage I,2025-26,1,14
05104,"Shramsadhana Bombay Trust, College Of Engineering & Technology, Jalgaon",Jalgaon,Un-Aided,Non-Autonomous,"Kavayitri Bahinabai Chaudhari North Maharashtra University, Jalgaon","Kavayitri Bahinabai Chaudhari North Maharashtra University, Jalgaon",0510419110,Civil Engineering,LSEBCH,194393,10.7725189,Stage I,2025-26,1,14
05104,"Shramsadhana Bombay Trust, College Of Engineering & Technology, Jalgaon",Jalgaon,Un-Aided,Non-Autonomous,"Kavayitri Bahinabai Chaudhari North Maharashtra University, Jalgaon","Kavayitri Bahinabai Chaudhari North Maharashtra University, Jalgaon",0510419110,Civil Engineering,PWDROBCH,150211,43.1964993,Stage I,2025-26,1,14
05104,"Shramsadhana Bombay Trust, College Of Engineering & Technology, Jalgaon",Jalgaon,Un-Aided,Non-Autonomous,"Kavayitri Bahinabai Chaudhari North Maharashtra University, Jalgaon","Kavayitri Bahinabai Chaudhari North Maharashtra University, Jalgaon",0510419110,Civil Engineering,GOPENO,145882,45.9245973,Stage I,2025-26,1,14
05104,"Shramsadhana Bombay Trust, College Of Engineering & Technology, Jalgaon",Jalgaon,Un-Aided,Non-Autonomous,"Kavayitri Bahinabai Chaudhari North Maharashtra University, Jalgaon","Kavayitri Bahinabai Chaudhari North Maharashtra University, Jalgaon",0510419110,Civil Engineering,GSCO,160965,36.1161649,Stage I,2025-26,1,14
05104,"Shramsadhana Bombay Trust, College Of Engineering & Technology, Jalgaon",Jalgaon,Un-Aided,Non-Autonomous,"Kavayitri Bahinabai Chaudhari North Maharashtra University, Jalgaon","Kavayitri Bahinabai Chaudhari North Maharashtra University, Jalgaon",0510419110,Civil Engineering,GOBCO,174265,28.1994074,Stage I,2025-26,1,14
05104,"Shramsadhana Bombay Trust, College Of Engineering & Technology, Jalgaon",Jalgaon,Un-Aided,Non-Autonomous,"Kavayitri Bahinabai Chaudhari North Maharashtra University, Jalgaon","Kavayitri Bahinabai Chaudhari North Maharashtra University, Jalgaon",0510419110,Civil Engineering,LOPENO,117753,59.9607019,Stage I,2025-26,1,14
05104,"Shramsadhana Bombay Trust, College Of Engineering & Technology, Jalgaon",Jalgaon,Un-Aided,Non-Autonomous,"Kavayitri Bahinabai Chaudhari North Maharashtra University, Jalgaon","Kavayitri Bahinabai Chaudhari North Maharashtra University, Jalgaon",0510419110,Civil Engineering,LNT1O,198022,7.1251441,Stage I,2025-26,1,14
05104,"Shramsadhana Bombay Trust, College Of Engineering & Technology, Jalgaon",Jalgaon,Un-Aided,Non-Autonomous,"Kavayitri Bahinabai Chaudhari North Maharashtra University, Jalgaon","Kavayitri Bahinabai Chaudhari North Maharashtra University, Jalgaon",0510419110,Civil Engineering,TFWS,101787,66.4263323,Stage I,2025-26,1,14
05104,"Shramsadhana Bombay Trust, College Of Engineering & Technology, Jalgaon",Jalgaon,Un-Aided,Non-Autonomous,"Kavayitri Bahinabai Chaudhari North Maharashtra University, Jalgaon","Kavayitri Bahinabai Chaudhari North Maharashtra University, Jalgaon",0510419110,Civil Engineering,ORPHAN,201196,3.4408227,Stage I,2025-26,1,14
05104,"Shramsadhana Bombay Trust, College Of Engineering & Technology, Jalgaon",Jalgaon,Un-Aided,Non-Autonomous,"Kavayitri Bahinabai Chaudhari North Maharashtra University, Jalgaon","Kavayitri Bahinabai Chaudhari North Maharashtra University, Jalgaon",0510419110,Civil Engineering,EWS,150854,43.031473,Stage I,2025-26,1,14
05104,"Shramsadhana Bombay Trust, College Of Engineering & Technology, Jalgaon",Jalgaon,Un-Aided,Non-Autonomous,"Kavayitri Bahinabai Chaudhari North Maharashtra University, Jalgaon","Kavayitri Bahinabai Chaudhari North Maharashtra University, Jalgaon",0510424510,Computer Engineering,GOPENH,71165,78.272232,Stage I,2025-26,1,15
05104,"Shramsadhana Bombay Trust, College Of Engineering & Technology, Jalgaon",Jalgaon,Un-Aided,Non-Autonomous,"Kavayitri Bahinabai Chaudhari North Maharashtra University, Jalgaon","Kavayitri Bahinabai Chaudhari North Maharashtra University, Jalgaon",0510424510,Computer Engineering,GSCH,119511,58.8994542,Stage I,2025-26,1,15
05104,"Shramsadhana Bombay Trust, College Of Engineering & Technology, Jalgaon",Jalgaon,Un-Aided,Non-Autonomous,"Kavayitri Bahinabai Chaudhari North Maharashtra University, Jalgaon","Kavayitri Bahinabai Chaudhari North Maharashtra University, Jalgaon",0510424510,Computer Engineering,GSTH,169375,31.9226076,Stage I,2025-26,1,15
05104,"Shramsadhana Bombay Trust, College Of Engineering & Technology, Jalgaon",Jalgaon,Un-Aided,Non-Autonomous,"Kavayitri Bahinabai Chaudhari North Maharashtra University, Jalgaon","Kavayitri Bahinabai Chaudhari North Maharashtra University, Jalgaon",0510424510,Computer Engineering,GVJH,74554,76.9322569,Stage I,2025-26,1,15
05104,"Shramsadhana Bombay Trust, College Of Engineering & Technology, Jalgaon",Jalgaon,Un-Aided,Non-Autonomous,"Kavayitri Bahinabai Chaudhari North Maharashtra University, Jalgaon","Kavayitri Bahinabai Chaudhari North Maharashtra University, Jalgaon",0510424510,Computer Engineering,GNT1H,121471,57.8195751,Stage I,2025-26,1,15
05104,"Shramsadhana Bombay Trust, College Of Engineering & Technology, Jalgaon",Jalgaon,Un-Aided,Non-Autonomous,"Kavayitri Bahinabai Chaudhari North Maharashtra University, Jalgaon","Kavayitri Bahinabai Chaudhari North Maharashtra University, Jalgaon",0510424510,Computer Engineering,GNT2H,87117,72.3760958,Stage I,2025-26,1,15
05104,"Shramsadhana Bombay Trust, College Of Engineering & Technology, Jalgaon",Jalgaon,Un-Aided,Non-Autonomous,"Kavayitri Bahinabai Chaudhari North Maharashtra University, Jalgaon","Kavayitri Bahinabai Chaudhari North Maharashtra University, Jalgaon",0510424510,Computer Engineering,GNT3H,129126,54.4314351,Stage I,2025-26,1,15
05104,"Shramsadhana Bombay Trust, College Of Engineering & Technology, Jalgaon",Jalgaon,Un-Aided,Non-Autonomous,"Kavayitri Bahinabai Chaudhari North Maharashtra University, Jalgaon","Kavayitri Bahinabai Chaudhari North Maharashtra University, Jalgaon",0510424510,Computer Engineering,GOBCH,78347,75.4880541,Stage I,2025-26,1,15
05104,"Shramsadhana Bombay Trust, College Of Engineering & Technology, Jalgaon",Jalgaon,Un-Aided,Non-Autonomous,"Kavayitri Bahinabai Chaudhari North Maharashtra University, Jalgaon","Kavayitri Bahinabai Chaudhari North Maharashtra University, Jalgaon",0510424510,Computer Engineering,GSEBCH,142069,47.7841578,Stage I,2025-26,1,15
05104,"Shramsadhana Bombay Trust, College Of Engineering & Technology, Jalgaon",Jalgaon,Un-Aided,Non-Autonomous,"Kavayitri Bahinabai Chaudhari North Maharashtra University, Jalgaon","Kavayitri Bahinabai Chaudhari North Maharashtra University, Jalgaon",0510424510,Computer Engineering,LOPENH,57114,82.837277,Stage I,2025-26,1,15
05104,"Shramsadhana Bombay Trust, College Of Engineering & Technology, Jalgaon",Jalgaon,Un-Aided,Non-Autonomous,"Kavayitri Bahinabai Chaudhari North Maharashtra University, Jalgaon","Kavayitri Bahinabai Chaudhari North Maharashtra University, Jalgaon",0510424510,Computer Engineering,LSCH,91291,70.7504568,Stage I,2025-26,1,15
05104,"Shramsadhana Bombay Trust, College Of Engineering & Technology, Jalgaon",Jalgaon,Un-Aided,Non-Autonomous,"Kavayitri Bahinabai Chaudhari North Maharashtra University, Jalgaon","Kavayitri Bahinabai Chaudhari North Maharashtra University, Jalgaon",0510424510,Computer Engineering,LSTH,118364,59.3210117,Stage I,2025-26,1,15
05104,"Shramsadhana Bombay Trust, College Of Engineering & Technology, Jalgaon",Jalgaon,Un-Aided,Non-Autonomous,"Kavayitri Bahinabai Chaudhari North Maharashtra University, Jalgaon","Kavayitri Bahinabai Chaudhari North Maharashtra University, Jalgaon",0510424510,Computer Engineering,LVJH,69288,78.6167398,Stage I,2025-26,1,15
05104,"Shramsadhana Bombay Trust, College Of Engineering & Technology, Jalgaon",Jalgaon,Un-Aided,Non-Autonomous,"Kavayitri Bahinabai Chaudhari North Maharashtra University, Jalgaon","Kavayitri Bahinabai Chaudhari North Maharashtra University, Jalgaon",0510424510,Computer Engineering,LNT1H,101247,66.9039004,Stage I,2025-26,1,15
05104,"Shramsadhana Bombay Trust, College Of Engineering & Technology, Jalgaon",Jalgaon,Un-Aided,Non-Autonomous,"Kavayitri Bahinabai Chaudhari North Maharashtra University, Jalgaon","Kavayitri Bahinabai Chaudhari North Maharashtra University, Jalgaon",0510424510,Computer Engineering,LNT2H,63023,80.9669596,Stage I,2025-26,1,15
05104,"Shramsadhana Bombay Trust, College Of Engineering & Technology, Jalgaon",Jalgaon,Un-Aided,Non-Autonomous,"Kavayitri Bahinabai Chaudhari North Maharashtra University, Jalgaon","Kavayitri Bahinabai Chaudhari North Maharashtra University, Jalgaon",0510424510,Computer Engineering,LOBCH,71875,78.1688442,Stage I,2025-26,1,15
05104,"Shramsadhana Bombay Trust, College Of Engineering & Technology, Jalgaon",Jalgaon,Un-Aided,Non-Autonomous,"Kavayitri Bahinabai Chaudhari North Maharashtra University, Jalgaon","Kavayitri Bahinabai Chaudhari North Maharashtra University, Jalgaon",0510424510,Computer Engineering,LSEBCH,113433,61.6834321,Stage I,2025-26,1,15
05104,"Shramsadhana Bombay Trust, College Of Engineering & Technology, Jalgaon",Jalgaon,Un-Aided,Non-Autonomous,"Kavayitri Bahinabai Chaudhari North Maharashtra University, Jalgaon","Kavayitri Bahinabai Chaudhari North Maharashtra University, Jalgaon",0510424510,Computer Engineering,PWDOPENH,185612,18.6473767,Stage I,2025-26,1,15
05104,"Shramsadhana Bombay Trust, College Of Engineering & Technology, Jalgaon",Jalgaon,Un-Aided,Non-Autonomous,"Kavayitri Bahinabai Chaudhari North Maharashtra University, Jalgaon","Kavayitri Bahinabai Chaudhari North Maharashtra University, Jalgaon",0510424510,Computer Engineering,GSTH,196601,8.5366296,Stage I,2025-26,1,15
05104,"Shramsadhana Bombay Trust, College Of Engineering & Technology, Jalgaon",Jalgaon,Un-Aided,Non-Autonomous,"Kavayitri Bahinabai Chaudhari North Maharashtra University, Jalgaon","Kavayitri Bahinabai Chaudhari North Maharashtra University, Jalgaon",0510424510,Computer Engineering,GOPENO,98469,68.2382408,Stage I,2025-26,1,15
05104,"Shramsadhana Bombay Trust, College Of Engineering & Technology, Jalgaon",Jalgaon,Un-Aided,Non-Autonomous,"Kavayitri Bahinabai Chaudhari North Maharashtra University, Jalgaon","Kavayitri Bahinabai Chaudhari North Maharashtra University, Jalgaon",0510424510,Computer Engineering,GSCO,118875,59.2797111,Stage I,2025-26,1,15
05104,"Shramsadhana Bombay Trust, College Of Engineering & Technology, Jalgaon",Jalgaon,Un-Aided,Non-Autonomous,"Kavayitri Bahinabai Chaudhari North Maharashtra University, Jalgaon","Kavayitri Bahinabai Chaudhari North Maharashtra University, Jalgaon",0510424510,Computer Engineering,GSTO,167470,32.1650475,Stage I,2025-26,1,15
05104,"Shramsadhana Bombay Trust, College Of Engineering & Technology, Jalgaon",Jalgaon,Un-Aided,Non-Autonomous,"Kavayitri Bahinabai Chaudhari North Maharashtra University, Jalgaon","Kavayitri Bahinabai Chaudhari North Maharashtra University, Jalgaon",0510424510,Computer Engineering,GVJO,99058,68.1117918,Stage I,2025-26,1,15
05104,"Shramsadhana Bombay Trust, College Of Engineering & Technology, Jalgaon",Jalgaon,Un-Aided,Non-Autonomous,"Kavayitri Bahinabai Chaudhari North Maharashtra University, Jalgaon","Kavayitri Bahinabai Chaudhari North Maharashtra University, Jalgaon",0510424510,Computer Engineering,GNT2O,174093,28.2789485,Stage I,2025-26,1,15
05104,"Shramsadhana Bombay Trust, College Of Engineering & Technology, Jalgaon",Jalgaon,Un-Aided,Non-Autonomous,"Kavayitri Bahinabai Chaudhari North Maharashtra University, Jalgaon","Kavayitri Bahinabai Chaudhari North Maharashtra University, Jalgaon",0510424510,Computer Engineering,GOBCO,104541,65.6692751,Stage I,2025-26,1,15
05104,"Shramsadhana Bombay Trust, College Of Engineering & Technology, Jalgaon",Jalgaon,Un-Aided,Non-Autonomous,"Kavayitri Bahinabai Chaudhari North Maharashtra University, Jalgaon","Kavayitri Bahinabai Chaudhari North Maharashtra University, Jalgaon",0510424510,Computer Engineering,GSEBCO,121016,58.2180677,Stage I,2025-26,1,15
05104,"Shramsadhana Bombay Trust, College Of Engineering & Technology, Jalgaon",Jalgaon,Un-Aided,Non-Autonomous,"Kavayitri Bahinabai Chaudhari North Maharashtra University, Jalgaon","Kavayitri Bahinabai Chaudhari North Maharashtra University, Jalgaon",0510424510,Computer Engineering,LOPENO,79659,75.210728,Stage I,2025-26,1,15
05104,"Shramsadhana Bombay Trust, College Of Engineering & Technology, Jalgaon",Jalgaon,Un-Aided,Non-Autonomous,"Kavayitri Bahinabai Chaudhari North Maharashtra University, Jalgaon","Kavayitri Bahinabai Chaudhari North Maharashtra University, Jalgaon",0510424510,Computer Engineering,LSCO,121235,58.2180677,Stage I,2025-26,1,15
05104,"Shramsadhana Bombay Trust, College Of Engineering & Technology, Jalgaon",Jalgaon,Un-Aided,Non-Autonomous,"Kavayitri Bahinabai Chaudhari North Maharashtra University, Jalgaon","Kavayitri Bahinabai Chaudhari North Maharashtra University, Jalgaon",0510424510,Computer Engineering,LNT3O,153243,41.4458186,Stage I,2025-26,1,15
05104,"Shramsadhana Bombay Trust, College Of Engineering & Technology, Jalgaon",Jalgaon,Un-Aided,Non-Autonomous,"Kavayitri Bahinabai Chaudhari North Maharashtra University, Jalgaon","Kavayitri Bahinabai Chaudhari North Maharashtra University, Jalgaon",0510424510,Computer Engineering,LOBCO,92302,70.507201,Stage I,2025-26,1,15
05104,"Shramsadhana Bombay Trust, College Of Engineering & Technology, Jalgaon",Jalgaon,Un-Aided,Non-Autonomous,"Kavayitri Bahinabai Chaudhari North Maharashtra University, Jalgaon","Kavayitri Bahinabai Chaudhari North Maharashtra University, Jalgaon",0510424510,Computer Engineering,LSEBCO,106918,64.3871019,Stage I,2025-26,1,15
05104,"Shramsadhana Bombay Trust, College Of Engineering & Technology, Jalgaon",Jalgaon,Un-Aided,Non-Autonomous,"Kavayitri Bahinabai Chaudhari North Maharashtra University, Jalgaon","Kavayitri Bahinabai Chaudhari North Maharashtra University, Jalgaon",0510424510,Computer Engineering,DEFOPENS,193640,11.1969965,Stage I,2025-26,1,15
05104,"Shramsadhana Bombay Trust, College Of Engineering & Technology, Jalgaon",Jalgaon,Un-Aided,Non-Autonomous,"Kavayitri Bahinabai Chaudhari North Maharashtra University, Jalgaon","Kavayitri Bahinabai Chaudhari North Maharashtra University, Jalgaon",0510424510,Computer Engineering,DEFOBCS,78583,75.4048881,Stage I,2025-26,1,15
05104,"Shramsadhana Bombay Trust, College Of Engineering & Technology, Jalgaon",Jalgaon,Un-Aided,Non-Autonomous,"Kavayitri Bahinabai Chaudhari North Maharashtra University, Jalgaon","Kavayitri Bahinabai Chaudhari North Maharashtra University, Jalgaon",0510424510,Computer Engineering,TFWS,55742,83.2058578,Stage I,2025-26,1,15
05104,"Shramsadhana Bombay Trust, College Of Engineering & Technology, Jalgaon",Jalgaon,Un-Aided,Non-Autonomous,"Kavayitri Bahinabai Chaudhari North Maharashtra University, Jalgaon","Kavayitri Bahinabai Chaudhari North Maharashtra University, Jalgaon",0510424510,Computer Engineering,EWS,126825,55.4922986,Stage I,2025-26,1,15
05104,"Shramsadhana Bombay Trust, College Of Engineering & Technology, Jalgaon",Jalgaon,Un-Aided,Non-Autonomous,"Kavayitri Bahinabai Chaudhari North Maharashtra University, Jalgaon","Kavayitri Bahinabai Chaudhari North Maharashtra University, Jalgaon",0510429310,Electrical Engineering,GOPENH,120312,58.6907687,Stage I,2025-26,1,16
05104,"Shramsadhana Bombay Trust, College Of Engineering & Technology, Jalgaon",Jalgaon,Un-Aided,Non-Autonomous,"Kavayitri Bahinabai Chaudhari North Maharashtra University, Jalgaon","Kavayitri Bahinabai Chaudhari North Maharashtra University, Jalgaon",0510429310,Electrical Engineering,GSCH,167934,32.1281783,Stage I,2025-26,1,16
05104,"Shramsadhana Bombay Trust, College Of Engineering & Technology, Jalgaon",Jalgaon,Un-Aided,Non-Autonomous,"Kavayitri Bahinabai Chaudhari North Maharashtra University, Jalgaon","Kavayitri Bahinabai Chaudhari North Maharashtra University, Jalgaon",0510429310,Electrical Engineering,GVJH,139339,49.3416227,Stage I,2025-26,1,16
05104,"Shramsadhana Bombay Trust, College Of Engineering & Technology, Jalgaon",Jalgaon,Un-Aided,Non-Autonomous,"Kavayitri Bahinabai Chaudhari North Maharashtra University, Jalgaon","Kavayitri Bahinabai Chaudhari North Maharashtra University, Jalgaon",0510429310,Electrical Engineering,GNT2H,155148,39.902473,Stage I,2025-26,1,16
05104,"Shramsadhana Bombay Trust, College Of Engineering & Technology, Jalgaon",Jalgaon,Un-Aided,Non-Autonomous,"Kavayitri Bahinabai Chaudhari North Maharashtra University, Jalgaon","Kavayitri Bahinabai Chaudhari North Maharashtra University, Jalgaon",0510429310,Electrical Engineering,GOBCH,126679,55.4922986,Stage I,2025-26,1,16
05104,"Shramsadhana Bombay Trust, College Of Engineering & Technology, Jalgaon",Jalgaon,Un-Aided,Non-Autonomous,"Kavayitri Bahinabai Chaudhari North Maharashtra University, Jalgaon","Kavayitri Bahinabai Chaudhari North Maharashtra University, Jalgaon",0510429310,Electrical Engineering,LOPENH,105215,65.5190641,Stage I,2025-26,1,16
05104,"Shramsadhana Bombay Trust, College Of Engineering & Technology, Jalgaon",Jalgaon,Un-Aided,Non-Autonomous,"Kavayitri Bahinabai Chaudhari North Maharashtra University, Jalgaon","Kavayitri Bahinabai Chaudhari North Maharashtra University, Jalgaon",0510429310,Electrical Engineering,LOBCH,124622,56.6213771,Stage I,2025-26,1,16
05104,"Shramsadhana Bombay Trust, College Of Engineering & Technology, Jalgaon",Jalgaon,Un-Aided,Non-Autonomous,"Kavayitri Bahinabai Chaudhari North Maharashtra University, Jalgaon","Kavayitri Bahinabai Chaudhari North Maharashtra University, Jalgaon",0510429310,Electrical Engineering,LSCH,168118,32.0884521,Stage II,2025-26,1,16
05104,"Shramsadhana Bombay Trust, College Of Engineering & Technology, Jalgaon",Jalgaon,Un-Aided,Non-Autonomous,"Kavayitri Bahinabai Chaudhari North Maharashtra University, Jalgaon","Kavayitri Bahinabai Chaudhari North Maharashtra University, Jalgaon",0510429310,Electrical Engineering,LNT3H,193715,11.1328671,Stage II,2025-26,1,16
05104,"Shramsadhana Bombay Trust, College Of Engineering & Technology, Jalgaon",Jalgaon,Un-Aided,Non-Autonomous,"Kavayitri Bahinabai Chaudhari North Maharashtra University, Jalgaon","Kavayitri Bahinabai Chaudhari North Maharashtra University, Jalgaon",0510429310,Electrical Engineering,GSEBCH,198339,6.54341,Stage I,2025-26,1,16
05104,"Shramsadhana Bombay Trust, College Of Engineering & Technology, Jalgaon",Jalgaon,Un-Aided,Non-Autonomous,"Kavayitri Bahinabai Chaudhari North Maharashtra University, Jalgaon","Kavayitri Bahinabai Chaudhari North Maharashtra University, Jalgaon",0510429310,Electrical Engineering,GOPENO,128934,54.4314351,Stage I,2025-26,1,16
05104,"Shramsadhana Bombay Trust, College Of Engineering & Technology, Jalgaon",Jalgaon,Un-Aided,Non-Autonomous,"Kavayitri Bahinabai Chaudhari North Maharashtra University, Jalgaon","Kavayitri Bahinabai Chaudhari North Maharashtra University, Jalgaon",0510429310,Electrical Engineering,GSTO,167531,32.1650475,Stage I,2025-26,1,16
05104,"Shramsadhana Bombay Trust, College Of Engineering & Technology, Jalgaon",Jalgaon,Un-Aided,Non-Autonomous,"Kavayitri Bahinabai Chaudhari North Maharashtra University, Jalgaon","Kavayitri Bahinabai Chaudhari North Maharashtra University, Jalgaon",0510429310,Electrical Engineering,GOBCO,131632,53.2657343,Stage I,2025-26,1,16
05104,"Shramsadhana Bombay Trust, College Of Engineering & Technology, Jalgaon",Jalgaon,Un-Aided,Non-Autonomous,"Kavayitri Bahinabai Chaudhari North Maharashtra University, Jalgaon","Kavayitri Bahinabai Chaudhari North Maharashtra University, Jalgaon",0510429310,Electrical Engineering,LOPENO,114723,60.9090909,Stage I,2025-26,1,16
05104,"Shramsadhana Bombay Trust, College Of Engineering & Technology, Jalgaon",Jalgaon,Un-Aided,Non-Autonomous,"Kavayitri Bahinabai Chaudhari North Maharashtra University, Jalgaon","Kavayitri Bahinabai Chaudhari North Maharashtra University, Jalgaon",0510429310,Electrical Engineering,LOBCO,123722,57.0133407,Stage I,2025-26,1,16
05104,"Shramsadhana Bombay Trust, College Of Engineering & Technology, Jalgaon",Jalgaon,Un-Aided,Non-Autonomous,"Kavayitri Bahinabai Chaudhari North Maharashtra University, Jalgaon","Kavayitri Bahinabai Chaudhari North Maharashtra University, Jalgaon",0510429310,Electrical Engineering,GNT1O,153567,41.4020979,Stage I,2025-26,1,16
05104,"Shramsadhana Bombay Trust, College Of Engineering & Technology, Jalgaon",Jalgaon,Un-Aided,Non-Autonomous,"Kavayitri Bahinabai Chaudhari North Maharashtra University, Jalgaon","Kavayitri Bahinabai Chaudhari North Maharashtra University, Jalgaon",0510429310,Electrical Engineering,LSCO,200816,3.8667565,Stage I,2025-26,1,16
05104,"Shramsadhana Bombay Trust, College Of Engineering & Technology, Jalgaon",Jalgaon,Un-Aided,Non-Autonomous,"Kavayitri Bahinabai Chaudhari North Maharashtra University, Jalgaon","Kavayitri Bahinabai Chaudhari North Maharashtra University, Jalgaon",0510429310,Electrical Engineering,TFWS,97516,68.4702591,Stage I,2025-26,1,16
05104,"Shramsadhana Bombay Trust, College Of Engineering & Technology, Jalgaon",Jalgaon,Un-Aided,Non-Autonomous,"Kavayitri Bahinabai Chaudhari North Maharashtra University, Jalgaon","Kavayitri Bahinabai Chaudhari North Maharashtra University, Jalgaon",0510437210,Electronics And Telecommunication Engg,GOPENH,96615,68.8687467,Stage I,2025-26,1,17
05104,"Shramsadhana Bombay Trust, College Of Engineering & Technology, Jalgaon",Jalgaon,Un-Aided,Non-Autonomous,"Kavayitri Bahinabai Chaudhari North Maharashtra University, Jalgaon","Kavayitri Bahinabai Chaudhari North Maharashtra University, Jalgaon",0510437210,Electronics And Telecommunication Engg,GSCH,149616,43.5338318,Stage I,2025-26,1,17
05104,"Shramsadhana Bombay Trust, College Of Engineering & Technology, Jalgaon",Jalgaon,Un-Aided,Non-Autonomous,"Kavayitri Bahinabai Chaudhari North Maharashtra University, Jalgaon","Kavayitri Bahinabai Chaudhari North Maharashtra University, Jalgaon",0510437210,Electronics And Telecommunication Engg,GNT1H,125547,56.2929777,Stage I,2025-26,1,17
05104,"Shramsadhana Bombay Trust, College Of Engineering & Technology, Jalgaon",Jalgaon,Un-Aided,Non-Autonomous,"Kavayitri Bahinabai Chaudhari North Maharashtra University, Jalgaon","Kavayitri Bahinabai Chaudhari North Maharashtra University, Jalgaon",0510437210,Electronics And Telecommunication Engg,GNT3H,165492,33.0802795,Stage I,2025-26,1,17
05104,"Shramsadhana Bombay Trust, College Of Engineering & Technology, Jalgaon",Jalgaon,Un-Aided,Non-Autonomous,"Kavayitri Bahinabai Chaudhari North Maharashtra University, Jalgaon","Kavayitri Bahinabai Chaudhari North Maharashtra University, Jalgaon",0510437210,Electronics And Telecommunication Engg,GOBCH,99573,67.8236662,Stage I,2025-26,1,17
05104,"Shramsadhana Bombay Trust, College Of Engineering & Technology, Jalgaon",Jalgaon,Un-Aided,Non-Autonomous,"Kavayitri Bahinabai Chaudhari North Maharashtra University, Jalgaon","Kavayitri Bahinabai Chaudhari North Maharashtra University, Jalgaon",0510437210,Electronics And Telecommunication Engg,GSEBCH,168998,31.9280223,Stage I,2025-26,1,17
05104,"Shramsadhana Bombay Trust, College Of Engineering & Technology, Jalgaon",Jalgaon,Un-Aided,Non-Autonomous,"Kavayitri Bahinabai Chaudhari North Maharashtra University, Jalgaon","Kavayitri Bahinabai Chaudhari North Maharashtra University, Jalgaon",0510437210,Electronics And Telecommunication Engg,LOPENH,89487,71.5562808,Stage I,2025-26,1,17
05104,"Shramsadhana Bombay Trust, College Of Engineering & Technology, Jalgaon",Jalgaon,Un-Aided,Non-Autonomous,"Kavayitri Bahinabai Chaudhari North Maharashtra University, Jalgaon","Kavayitri Bahinabai Chaudhari North Maharashtra University, Jalgaon",0510437210,Electronics And Telecommunication Engg,LSCH,124947,56.6213771,Stage I,2025-26,1,17
05104,"Shramsadhana Bombay Trust, College Of Engineering & Technology, Jalgaon",Jalgaon,Un-Aided,Non-Autonomous,"Kavayitri Bahinabai Chaudhari North Maharashtra University, Jalgaon","Kavayitri Bahinabai Chaudhari North Maharashtra University, Jalgaon",0510437210,Electronics And Telecommunication Engg,LVJH,104522,65.6692751,Stage I,2025-26,1,17
05104,"Shramsadhana Bombay Trust, College Of Engineering & Technology, Jalgaon",Jalgaon,Un-Aided,Non-Autonomous,"Kavayitri Bahinabai Chaudhari North Maharashtra University, Jalgaon","Kavayitri Bahinabai Chaudhari North Maharashtra University, Jalgaon",0510437210,Electronics And Telecommunication Engg,LOBCH,97028,68.4887011,Stage I,2025-26,1,17
05104,"Shramsadhana Bombay Trust, College Of Engineering & Technology, Jalgaon",Jalgaon,Un-Aided,Non-Autonomous,"Kavayitri Bahinabai Chaudhari North Maharashtra University, Jalgaon","Kavayitri Bahinabai Chaudhari North Maharashtra University, Jalgaon",0510437210,Electronics And Telecommunication Engg,LSEBCH,137787,50.3223138,Stage I,2025-26,1,17
05104,"Shramsadhana Bombay Trust, College Of Engineering & Technology, Jalgaon",Jalgaon,Un-Aided,Non-Autonomous,"Kavayitri Bahinabai Chaudhari North Maharashtra University, Jalgaon","Kavayitri Bahinabai Chaudhari North Maharashtra University, Jalgaon",0510437210,Electronics And Telecommunication Engg,GOPENO,98322,68.2382408,Stage I,2025-26,1,17
05104,"Shramsadhana Bombay Trust, College Of Engineering & Technology, Jalgaon",Jalgaon,Un-Aided,Non-Autonomous,"Kavayitri Bahinabai Chaudhari North Maharashtra University, Jalgaon","Kavayitri Bahinabai Chaudhari North Maharashtra University, Jalgaon",0510437210,Electronics And Telecommunication Engg,GSCO,161724,35.9909439,Stage I,2025-26,1,17
05104,"Shramsadhana Bombay Trust, College Of Engineering & Technology, Jalgaon",Jalgaon,Un-Aided,Non-Autonomous,"Kavayitri Bahinabai Chaudhari North Maharashtra University, Jalgaon","Kavayitri Bahinabai Chaudhari North Maharashtra University, Jalgaon",0510437210,Electronics And Telecommunication Engg,GNT2O,141606,47.8015007,Stage I,2025-26,1,17
05104,"Shramsadhana Bombay Trust, College Of Engineering & Technology, Jalgaon",Jalgaon,Un-Aided,Non-Autonomous,"Kavayitri Bahinabai Chaudhari North Maharashtra University, Jalgaon","Kavayitri Bahinabai Chaudhari North Maharashtra University, Jalgaon",0510437210,Electronics And Telecommunication Engg,GOBCO,106344,64.713186,Stage I,2025-26,1,17
05104,"Shramsadhana Bombay Trust, College Of Engineering & Technology, Jalgaon",Jalgaon,Un-Aided,Non-Autonomous,"Kavayitri Bahinabai Chaudhari North Maharashtra University, Jalgaon","Kavayitri Bahinabai Chaudhari North Maharashtra University, Jalgaon",0510437210,Electronics And Telecommunication Engg,GSEBCO,165016,33.465035,Stage I,2025-26,1,17
05104,"Shramsadhana Bombay Trust, College Of Engineering & Technology, Jalgaon",Jalgaon,Un-Aided,Non-Autonomous,"Kavayitri Bahinabai Chaudhari North Maharashtra University, Jalgaon","Kavayitri Bahinabai Chaudhari North Maharashtra University, Jalgaon",0510437210,Electronics And Telecommunication Engg,LOPENO,113061,61.796967,Stage I,2025-26,1,17
05104,"Shramsadhana Bombay Trust, College Of Engineering & Technology, Jalgaon",Jalgaon,Un-Aided,Non-Autonomous,"Kavayitri Bahinabai Chaudhari North Maharashtra University, Jalgaon","Kavayitri Bahinabai Chaudhari North Maharashtra University, Jalgaon",0510437210,Electronics And Telecommunication Engg,LVJO,145728,45.9245973,Stage I,2025-26,1,17
05104,"Shramsadhana Bombay Trust, College Of Engineering & Technology, Jalgaon",Jalgaon,Un-Aided,Non-Autonomous,"Kavayitri Bahinabai Chaudhari North Maharashtra University, Jalgaon","Kavayitri Bahinabai Chaudhari North Maharashtra University, Jalgaon",0510437210,Electronics And Telecommunication Engg,TFWS,75128,76.8973331,Stage I,2025-26,1,17
05104,"Shramsadhana Bombay Trust, College Of Engineering & Technology, Jalgaon",Jalgaon,Un-Aided,Non-Autonomous,"Kavayitri Bahinabai Chaudhari North Maharashtra University, Jalgaon","Kavayitri Bahinabai Chaudhari North Maharashtra University, Jalgaon",0510437210,Electronics And Telecommunication Engg,EWS,184472,19.2944893,Stage I,2025-26,1,17
05104,"Shramsadhana Bombay Trust, College Of Engineering & Technology, Jalgaon",Jalgaon,Un-Aided,Non-Autonomous,"Kavayitri Bahinabai Chaudhari North Maharashtra University, Jalgaon","Kavayitri Bahinabai Chaudhari North Maharashtra University, Jalgaon",0510450710,Chemical Engineering,GOPENH,121900,57.8195751,Stage I,2025-26,1,18
05104,"Shramsadhana Bombay Trust, College Of Engineering & Technology, Jalgaon",Jalgaon,Un-Aided,Non-Autonomous,"Kavayitri Bahinabai Chaudhari North Maharashtra University, Jalgaon","Kavayitri Bahinabai Chaudhari North Maharashtra University, Jalgaon",0510450710,Chemical Engineering,GSCH,130946,53.6771201,Stage I,2025-26,1,18
05104,"Shramsadhana Bombay Trust, College Of Engineering & Technology, Jalgaon",Jalgaon,Un-Aided,Non-Autonomous,"Kavayitri Bahinabai Chaudhari North Maharashtra University, Jalgaon","Kavayitri Bahinabai Chaudhari North Maharashtra University, Jalgaon",0510450710,Chemical Engineering,GVJH,184989,19.0847282,Stage I,2025-26,1,18
05104,"Shramsadhana Bombay Trust, College Of Engineering & Technology, Jalgaon",Jalgaon,Un-Aided,Non-Autonomous,"Kavayitri Bahinabai Chaudhari North Maharashtra University, Jalgaon","Kavayitri Bahinabai Chaudhari North Maharashtra University, Jalgaon",0510450710,Chemical Engineering,GNT1H,188711,15.8481365,Stage I,2025-26,1,18
05104,"Shramsadhana Bombay Trust, College Of Engineering & Technology, Jalgaon",Jalgaon,Un-Aided,Non-Autonomous,"Kavayitri Bahinabai Chaudhari North Maharashtra University, Jalgaon","Kavayitri Bahinabai Chaudhari North Maharashtra University, Jalgaon",0510450710,Chemical Engineering,GOBCH,130382,53.7591782,Stage I,2025-26,1,18
05104,"Shramsadhana Bombay Trust, College Of Engineering & Technology, Jalgaon",Jalgaon,Un-Aided,Non-Autonomous,"Kavayitri Bahinabai Chaudhari North Maharashtra University, Jalgaon","Kavayitri Bahinabai Chaudhari North Maharashtra University, Jalgaon",0510450710,Chemical Engineering,LOPENH,126380,55.6405756,Stage I,2025-26,1,18
05104,"Shramsadhana Bombay Trust, College Of Engineering & Technology, Jalgaon",Jalgaon,Un-Aided,Non-Autonomous,"Kavayitri Bahinabai Chaudhari North Maharashtra University, Jalgaon","Kavayitri Bahinabai Chaudhari North Maharashtra University, Jalgaon",0510450710,Chemical Engineering,LOBCH,128308,54.5872518,Stage I,2025-26,1,18
05104,"Shramsadhana Bombay Trust, College Of Engineering & Technology, Jalgaon",Jalgaon,Un-Aided,Non-Autonomous,"Kavayitri Bahinabai Chaudhari North Maharashtra University, Jalgaon","Kavayitri Bahinabai Chaudhari North Maharashtra University, Jalgaon",0510450710,Chemical Engineering,LSEBCH,170053,30.26063,Stage I,2025-26,1,18
05104,"Shramsadhana Bombay Trust, College Of Engineering & Technology, Jalgaon",Jalgaon,Un-Aided,Non-Autonomous,"Kavayitri Bahinabai Chaudhari North Maharashtra University, Jalgaon","Kavayitri Bahinabai Chaudhari North Maharashtra University, Jalgaon",0510450710,Chemical Engineering,LSCH,197858,7.1701886,Stage II,2025-26,1,18
05104,"Shramsadhana Bombay Trust, College Of Engineering & Technology, Jalgaon",Jalgaon,Un-Aided,Non-Autonomous,"Kavayitri Bahinabai Chaudhari North Maharashtra University, Jalgaon","Kavayitri Bahinabai Chaudhari North Maharashtra University, Jalgaon",0510450710,Chemical Engineering,GSEBCH,180497,22.3617813,Stage I,2025-26,1,18
05104,"Shramsadhana Bombay Trust, College Of Engineering & Technology, Jalgaon",Jalgaon,Un-Aided,Non-Autonomous,"Kavayitri Bahinabai Chaudhari North Maharashtra University, Jalgaon","Kavayitri Bahinabai Chaudhari North Maharashtra University, Jalgaon",0510450710,Chemical Engineering,LNT2H,191711,13.2656066,Stage II,2025-26,1,18
05104,"Shramsadhana Bombay Trust, College Of Engineering & Technology, Jalgaon",Jalgaon,Un-Aided,Non-Autonomous,"Kavayitri Bahinabai Chaudhari North Maharashtra University, Jalgaon","Kavayitri Bahinabai Chaudhari North Maharashtra University, Jalgaon",0510450710,Chemical Engineering,GOPENO,112676,62.0615406,Stage I,2025-26,1,18
05104,"Shramsadhana Bombay Trust, College Of Engineering & Technology, Jalgaon",Jalgaon,Un-Aided,Non-Autonomous,"Kavayitri Bahinabai Chaudhari North Maharashtra University, Jalgaon","Kavayitri Bahinabai Chaudhari North Maharashtra University, Jalgaon",0510450710,Chemical Engineering,LOPENO,146759,45.3566434,Stage I,2025-26,1,18
05104,"Shramsadhana Bombay Trust, College Of Engineering & Technology, Jalgaon",Jalgaon,Un-Aided,Non-Autonomous,"Kavayitri Bahinabai Chaudhari North Maharashtra University, Jalgaon","Kavayitri Bahinabai Chaudhari North Maharashtra University, Jalgaon",0510450710,Chemical Engineering,LOBCO,167083,32.3446384,Stage I,2025-26,1,18
05104,"Shramsadhana Bombay Trust, College Of Engineering & Technology, Jalgaon",Jalgaon,Un-Aided,Non-Autonomous,"Kavayitri Bahinabai Chaudhari North Maharashtra University, Jalgaon","Kavayitri Bahinabai Chaudhari North Maharashtra University, Jalgaon",0510450710,Chemical Engineering,LSCO,183597,19.8246656,Stage II,2025-26,1,18
05104,"Shramsadhana Bombay Trust, College Of Engineering & Technology, Jalgaon",Jalgaon,Un-Aided,Non-Autonomous,"Kavayitri Bahinabai Chaudhari North Maharashtra University, Jalgaon","Kavayitri Bahinabai Chaudhari North Maharashtra University, Jalgaon",0510450710,Chemical Engineering,TFWS,121126,58.2180677,Stage I,2025-26,1,18
05104,"Shramsadhana Bombay Trust, College Of Engineering & Technology, Jalgaon",Jalgaon,Un-Aided,Non-Autonomous,"Kavayitri Bahinabai Chaudhari North Maharashtra University, Jalgaon","Kavayitri Bahinabai Chaudhari North Maharashtra University, Jalgaon",0510450710,Chemical Engineering,EWS,196295,8.7118703,Stage I,2025-26,1,18
05104,"Shramsadhana Bombay Trust, College Of Engineering & Technology, Jalgaon",Jalgaon,Un-Aided,Non-Autonomous,"Kavayitri Bahinabai Chaudhari North Maharashtra University, Jalgaon","Kavayitri Bahinabai Chaudhari North Maharashtra University, Jalgaon",0510461210,Mechanical Engineering,GOPENH,132097,53.2228937,Stage I,2025-26,1,19
05104,"Shramsadhana Bombay Trust, College Of Engineering & Technology, Jalgaon",Jalgaon,Un-Aided,Non-Autonomous,"Kavayitri Bahinabai Chaudhari North Maharashtra University, Jalgaon","Kavayitri Bahinabai Chaudhari North Maharashtra University, Jalgaon",0510461210,Mechanical Engineering,GSCH,171508,29.0442453,Stage I,2025-26,1,19
05104,"Shramsadhana Bombay Trust, College Of Engineering & Technology, Jalgaon",Jalgaon,Un-Aided,Non-Autonomous,"Kavayitri Bahinabai Chaudhari North Maharashtra University, Jalgaon","Kavayitri Bahinabai Chaudhari North Maharashtra University, Jalgaon",0510461210,Mechanical Engineering,GNT2H,159658,37.1950556,Stage I,2025-26,1,19
05104,"Shramsadhana Bombay Trust, College Of Engineering & Technology, Jalgaon",Jalgaon,Un-Aided,Non-Autonomous,"Kavayitri Bahinabai Chaudhari North Maharashtra University, Jalgaon","Kavayitri Bahinabai Chaudhari North Maharashtra University, Jalgaon",0510461210,Mechanical Engineering,GOBCH,139320,49.3416227,Stage I,2025-26,1,19
05104,"Shramsadhana Bombay Trust, College Of Engineering & Technology, Jalgaon",Jalgaon,Un-Aided,Non-Autonomous,"Kavayitri Bahinabai Chaudhari North Maharashtra University, Jalgaon","Kavayitri Bahinabai Chaudhari North Maharashtra University, Jalgaon",0510461210,Mechanical Engineering,LOPENH,129019,54.4314351,Stage I,2025-26,1,19
05104,"Shramsadhana Bombay Trust, College Of Engineering & Technology, Jalgaon",Jalgaon,Un-Aided,Non-Autonomous,"Kavayitri Bahinabai Chaudhari North Maharashtra University, Jalgaon","Kavayitri Bahinabai Chaudhari North Maharashtra University, Jalgaon",0510461210,Mechanical Engineering,LOBCH,134471,51.7009371,Stage I,2025-26,1,19
05104,"Shramsadhana Bombay Trust, College Of Engineering & Technology, Jalgaon",Jalgaon,Un-Aided,Non-Autonomous,"Kavayitri Bahinabai Chaudhari North Maharashtra University, Jalgaon","Kavayitri Bahinabai Chaudhari North Maharashtra University, Jalgaon",0510461210,Mechanical Engineering,LSCH,184312,19.2944893,Stage II,2025-26,1,19
05104,"Shramsadhana Bombay Trust, College Of Engineering & Technology, Jalgaon",Jalgaon,Un-Aided,Non-Autonomous,"Kavayitri Bahinabai Chaudhari North Maharashtra University, Jalgaon","Kavayitri Bahinabai Chaudhari North Maharashtra University, Jalgaon",0510461210,Mechanical Engineering,LSCH,184635,19.2051273,Stage II,2025-26,1,19
05104,"Shramsadhana Bombay Trust, College Of Engineering & Technology, Jalgaon",Jalgaon,Un-Aided,Non-Autonomous,"Kavayitri Bahinabai Chaudhari North Maharashtra University, Jalgaon","Kavayitri Bahinabai Chaudhari North Maharashtra University, Jalgaon",0510461210,Mechanical Engineering,GOPENO,134682,51.57164,Stage I,2025-26,1,19
05104,"Shramsadhana Bombay Trust, College Of Engineering & Technology, Jalgaon",Jalgaon,Un-Aided,Non-Autonomous,"Kavayitri Bahinabai Chaudhari North Maharashtra University, Jalgaon","Kavayitri Bahinabai Chaudhari North Maharashtra University, Jalgaon",0510461210,Mechanical Engineering,GSCO,180582,22.3617813,Stage I,2025-26,1,19
05104,"Shramsadhana Bombay Trust, College Of Engineering & Technology, Jalgaon",Jalgaon,Un-Aided,Non-Autonomous,"Kavayitri Bahinabai Chaudhari North Maharashtra University, Jalgaon","Kavayitri Bahinabai Chaudhari North Maharashtra University, Jalgaon",0510461210,Mechanical Engineering,GOBCO,145100,46.3957696,Stage I,2025-26,1,19
05104,"Shramsadhana Bombay Trust, College Of Engineering & Technology, Jalgaon",Jalgaon,Un-Aided,Non-Autonomous,"Kavayitri Bahinabai Chaudhari North Maharashtra University, Jalgaon","Kavayitri Bahinabai Chaudhari North Maharashtra University, Jalgaon",0510461210,Mechanical Engineering,LOPENO,112574,62.1365556,Stage I,2025-26,1,19
05104,"Shramsadhana Bombay Trust, College Of Engineering & Technology, Jalgaon",Jalgaon,Un-Aided,Non-Autonomous,"Kavayitri Bahinabai Chaudhari North Maharashtra University, Jalgaon","Kavayitri Bahinabai Chaudhari North Maharashtra University, Jalgaon",0510461210,Mechanical Engineering,GVJO,134186,51.7009371,Stage I,2025-26,1,19
05104,"Shramsadhana Bombay Trust, College Of Engineering & Technology, Jalgaon",Jalgaon,Un-Aided,Non-Autonomous,"Kavayitri Bahinabai Chaudhari North Maharashtra University, Jalgaon","Kavayitri Bahinabai Chaudhari North Maharashtra University, Jalgaon",0510461210,Mechanical Engineering,GNT1O,158592,38.3392226,Stage I,2025-26,1,19
05104,"Shramsadhana Bombay Trust, College Of Engineering & Technology, Jalgaon",Jalgaon,Un-Aided,Non-Autonomous,"Kavayitri Bahinabai Chaudhari North Maharashtra University, Jalgaon","Kavayitri Bahinabai Chaudhari North Maharashtra University, Jalgaon",0510461210,Mechanical Engineering,GNT3O,193738,11.1328671,Stage I,2025-26,1,19
05104,"Shramsadhana Bombay Trust, College Of Engineering & Technology, Jalgaon",Jalgaon,Un-Aided,Non-Autonomous,"Kavayitri Bahinabai Chaudhari North Maharashtra University, Jalgaon","Kavayitri Bahinabai Chaudhari North Maharashtra University, Jalgaon",0510461210,Mechanical Engineering,TFWS,96627,68.8687467,Stage I,2025-26,1,19
05104,"Shramsadhana Bombay Trust, College Of Engineering & Technology, Jalgaon",Jalgaon,Un-Aided,Non-Autonomous,"Kavayitri Bahinabai Chaudhari North Maharashtra University, Jalgaon","Kavayitri Bahinabai Chaudhari North Maharashtra University, Jalgaon",0510461210,Mechanical Engineering,EWS,202348,2.0436563,Stage I,2025-26,1,19
05106,"Khandesh College Education Society'S College Of Engineering And Management, Jalgaon",Jalgaon,Un-Aided,Autonomous,Autonomous Institute,Autonomous Institute,0510624510,Computer Engineering,GOPENS,109834,63.3986014,Stage I,2025-26,1,20
05106,"Khandesh College Education Society'S College Of Engineering And Management, Jalgaon",Jalgaon,Un-Aided,Autonomous,Autonomous Institute,Autonomous Institute,0510624510,Computer Engineering,GSCS,164226,34.896751,Stage I,2025-26,1,20
05106,"Khandesh College Education Society'S College Of Engineering And Management, Jalgaon",Jalgaon,Un-Aided,Autonomous,Autonomous Institute,Autonomous Institute,0510624510,Computer Engineering,GVJS,138946,49.4020979,Stage I,2025-26,1,20
05106,"Khandesh College Education Society'S College Of Engineering And Management, Jalgaon",Jalgaon,Un-Aided,Autonomous,Autonomous Institute,Autonomous Institute,0510624510,Computer Engineering,GNT1S,114804,60.9090909,Stage I,2025-26,1,20
05106,"Khandesh College Education Society'S College Of Engineering And Management, Jalgaon",Jalgaon,Un-Aided,Autonomous,Autonomous Institute,Autonomous Institute,0510624510,Computer Engineering,GNT2S,163581,35.4407253,Stage I,2025-26,1,20
05106,"Khandesh College Education Society'S College Of Engineering And Management, Jalgaon",Jalgaon,Un-Aided,Autonomous,Autonomous Institute,Autonomous Institute,0510624510,Computer Engineering,GNT3S,184857,19.1697794,Stage I,2025-26,1,20
05106,"Khandesh College Education Society'S College Of Engineering And Management, Jalgaon",Jalgaon,Un-Aided,Autonomous,Autonomous Institute,Autonomous Institute,0510624510,Computer Engineering,GOBCS,114220,61.1295449,Stage I,2025-26,1,20
05106,"Khandesh College Education Society'S College Of Engineering And Management, Jalgaon",Jalgaon,Un-Aided,Autonomous,Autonomous Institute,Autonomous Institute,0510624510,Computer Engineering,GSEBCS,192510,12.4732664,Stage I,2025-26,1,20
05106,"Khandesh College Education Society'S College Of Engineering And Management, Jalgaon",Jalgaon,Un-Aided,Autonomous,Autonomous Institute,Autonomous Institute,0510624510,Computer Engineering,LOPENS,92395,70.507201,Stage I,2025-26,1,20
05106,"Khandesh College Education Society'S College Of Engineering And Management, Jalgaon",Jalgaon,Un-Aided,Autonomous,Autonomous Institute,Autonomous Institute,0510624510,Computer Engineering,LSCS,151550,42.7403863,Stage I,2025-26,1,20
05106,"Khandesh College Education Society'S College Of Engineering And Management, Jalgaon",Jalgaon,Un-Aided,Autonomous,Autonomous Institute,Autonomous Institute,0510624510,Computer Engineering,LSTS,201976,2.4831562,Stage I,2025-26,1,20
05106,"Khandesh College Education Society'S College Of Engineering And Management, Jalgaon",Jalgaon,Un-Aided,Autonomous,Autonomous Institute,Autonomous Institute,0510624510,Computer Engineering,LVJS,133696,52.1817116,Stage I,2025-26,1,20
05106,"Khandesh College Education Society'S College Of Engineering And Management, Jalgaon",Jalgaon,Un-Aided,Autonomous,Autonomous Institute,Autonomous Institute,0510624510,Computer Engineering,LNT1S,110051,63.3986014,Stage I,2025-26,1,20
05106,"Khandesh College Education Society'S College Of Engineering And Management, Jalgaon",Jalgaon,Un-Aided,Autonomous,Autonomous Institute,Autonomous Institute,0510624510,Computer Engineering,LNT2S,92855,70.5005064,Stage I,2025-26,1,20
05106,"Khandesh College Education Society'S College Of Engineering And Management, Jalgaon",Jalgaon,Un-Aided,Autonomous,Autonomous Institute,Autonomous Institute,0510624510,Computer Engineering,LOBCS,110647,63.200058,Stage I,2025-26,1,20
05106,"Khandesh College Education Society'S College Of Engineering And Management, Jalgaon",Jalgaon,Un-Aided,Autonomous,Autonomous Institute,Autonomous Institute,0510624510,Computer Engineering,LSEBCS,178459,24.7167509,Stage I,2025-26,1,20
05106,"Khandesh College Education Society'S College Of Engineering And Management, Jalgaon",Jalgaon,Un-Aided,Autonomous,Autonomous Institute,Autonomous Institute,0510624510,Computer Engineering,PWDOPENS,184318,19.2944893,Stage I,2025-26,1,20
05106,"Khandesh College Education Society'S College Of Engineering And Management, Jalgaon",Jalgaon,Un-Aided,Autonomous,Autonomous Institute,Autonomous Institute,0510624510,Computer Engineering,DEFOPENS,189205,15.4365886,Stage I,2025-26,1,20
05106,"Khandesh College Education Society'S College Of Engineering And Management, Jalgaon",Jalgaon,Un-Aided,Autonomous,Autonomous Institute,Autonomous Institute,0510624510,Computer Engineering,TFWS,101105,66.9498069,Stage I,2025-26,1,20
05106,"Khandesh College Education Society'S College Of Engineering And Management, Jalgaon",Jalgaon,Un-Aided,Autonomous,Autonomous Institute,Autonomous Institute,0510624510,Computer Engineering,EWS,176122,25.7272727,Stage I,2025-26,1,20
05106,"Khandesh College Education Society'S College Of Engineering And Management, Jalgaon",Jalgaon,Un-Aided,Autonomous,Autonomous Institute,Autonomous Institute,0510629310,Electrical Engineering,GOPENS,151530,42.7403863,Stage I,2025-26,1,20
05106,"Khandesh College Education Society'S College Of Engineering And Management, Jalgaon",Jalgaon,Un-Aided,Autonomous,Autonomous Institute,Autonomous Institute,0510629310,Electrical Engineering,GSCS,186699,17.7120141,Stage I,2025-26,1,20
05106,"Khandesh College Education Society'S College Of Engineering And Management, Jalgaon",Jalgaon,Un-Aided,Autonomous,Autonomous Institute,Autonomous Institute,0510629310,Electrical Engineering,GVJS,167725,32.1281783,Stage I,2025-26,1,20
05106,"Khandesh College Education Society'S College Of Engineering And Management, Jalgaon",Jalgaon,Un-Aided,Autonomous,Autonomous Institute,Autonomous Institute,0510629310,Electrical Engineering,GNT1S,170876,29.4125763,Stage I,2025-26,1,20
05106,"Khandesh College Education Society'S College Of Engineering And Management, Jalgaon",Jalgaon,Un-Aided,Autonomous,Autonomous Institute,Autonomous Institute,0510629310,Electrical Engineering,GNT2S,194528,10.4252003,Stage I,2025-26,1,20
05106,"Khandesh College Education Society'S College Of Engineering And Management, Jalgaon",Jalgaon,Un-Aided,Autonomous,Autonomous Institute,Autonomous Institute,0510629310,Electrical Engineering,GOBCS,162407,35.9295868,Stage I,2025-26,1,20
05106,"Khandesh College Education Society'S College Of Engineering And Management, Jalgaon",Jalgaon,Un-Aided,Autonomous,Autonomous Institute,Autonomous Institute,0510629310,Electrical Engineering,GSEBCS,202539,1.7301157,Stage I,2025-26,1,20
05106,"Khandesh College Education Society'S College Of Engineering And Management, Jalgaon",Jalgaon,Un-Aided,Autonomous,Autonomous Institute,Autonomous Institute,0510629310,Electrical Engineering,LOPENS,165908,32.6791073,Stage I,2025-26,1,20
05106,"Khandesh College Education Society'S College Of Engineering And Management, Jalgaon",Jalgaon,Un-Aided,Autonomous,Autonomous Institute,Autonomous Institute,0510629310,Electrical Engineering,LOBCS,177325,25.0722391,Stage I,2025-26,1,20
05106,"Khandesh College Education Society'S College Of Engineering And Management, Jalgaon",Jalgaon,Un-Aided,Autonomous,Autonomous Institute,Autonomous Institute,0510629310,Electrical Engineering,TFWS,132203,53.2228937,Stage I,2025-26,1,20
05106,"Khandesh College Education Society'S College Of Engineering And Management, Jalgaon",Jalgaon,Un-Aided,Autonomous,Autonomous Institute,Autonomous Institute,0510629310,Electrical Engineering,EWS,197544,7.4355245,Stage I,2025-26,1,20
05106,"Khandesh College Education Society'S College Of Engineering And Management, Jalgaon",Jalgaon,Un-Aided,Autonomous,Autonomous Institute,Autonomous Institute,0510661210,Mechanical Engineering,GOPENS,150078,43.4652257,Stage I,2025-26,1,20
05106,"Khandesh College Education Society'S College Of Engineering And Management, Jalgaon",Jalgaon,Un-Aided,Autonomous,Autonomous Institute,Autonomous Institute,0510661210,Mechanical Engineering,GSCS,178112,24.8659004,Stage I,2025-26,1,20
05106,"Khandesh College Education Society'S College Of Engineering And Management, Jalgaon",Jalgaon,Un-Aided,Autonomous,Autonomous Institute,Autonomous Institute,0510661210,Mechanical Engineering,GNT1S,180731,22.1740686,Stage I,2025-26,1,20
05106,"Khandesh College Education Society'S College Of Engineering And Management, Jalgaon",Jalgaon,Un-Aided,Autonomous,Autonomous Institute,Autonomous Institute,0510661210,Mechanical Engineering,GOBCS,153712,41.4020979,Stage I,2025-26,1,20
05106,"Khandesh College Education Society'S College Of Engineering And Management, Jalgaon",Jalgaon,Un-Aided,Autonomous,Autonomous Institute,Autonomous Institute,0510661210,Mechanical Engineering,LOPENS,171878,28.984931,Stage I,2025-26,1,20
05106,"Khandesh College Education Society'S College Of Engineering And Management, Jalgaon",Jalgaon,Un-Aided,Autonomous,Autonomous Institute,Autonomous Institute,0510661210,Mechanical Engineering,LOBCS,180818,22.1740686,Stage I,2025-26,1,20
05106,"Khandesh College Education Society'S College Of Engineering And Management, Jalgaon",Jalgaon,Un-Aided,Autonomous,Autonomous Institute,Autonomous Institute,0510661210,Mechanical Engineering,EWS,157382,39.2328654,Stage I,2025-26,1,20
05106,"Khandesh College Education Society'S College Of Engineering And Management, Jalgaon",Jalgaon,Un-Aided,Autonomous,Autonomous Institute,Autonomous Institute,0510661210,Mechanical Engineering,LNT3S,174096,28.2789485,Stage II,2025-26,1,20
05106,"Khandesh College Education Society'S College Of Engineering And Management, Jalgaon",Jalgaon,Un-Aided,Autonomous,Autonomous Institute,Autonomous Institute,0510684410,Electronics And Computer Engineering,GOPENS,140372,49.1540892,Stage I,2025-26,1,20
05106,"Khandesh College Education Society'S College Of Engineering And Management, Jalgaon",Jalgaon,Un-Aided,Autonomous,Autonomous Institute,Autonomous Institute,0510684410,Electronics And Computer Engineering,GSCS,198078,7.1251441,Stage I,2025-26,1,20
05106,"Khandesh College Education Society'S College Of Engineering And Management, Jalgaon",Jalgaon,Un-Aided,Autonomous,Autonomous Institute,Autonomous Institute,0510684410,Electronics And Computer Engineering,GNT1S,150246,43.1964993,Stage I,2025-26,1,20
05106,"Khandesh College Education Society'S College Of Engineering And Management, Jalgaon",Jalgaon,Un-Aided,Autonomous,Autonomous Institute,Autonomous Institute,0510684410,Electronics And Computer Engineering,GOBCS,151202,42.9247346,Stage I,2025-26,1,20
05106,"Khandesh College Education Society'S College Of Engineering And Management, Jalgaon",Jalgaon,Un-Aided,Autonomous,Autonomous Institute,Autonomous Institute,0510684410,Electronics And Computer Engineering,LOPENS,149173,43.658874,Stage I,2025-26,1,20
05106,"Khandesh College Education Society'S College Of Engineering And Management, Jalgaon",Jalgaon,Un-Aided,Autonomous,Autonomous Institute,Autonomous Institute,0510684410,Electronics And Computer Engineering,LVJS,178005,24.8659004,Stage I,2025-26,1,20
05106,"Khandesh College Education Society'S College Of Engineering And Management, Jalgaon",Jalgaon,Un-Aided,Autonomous,Autonomous Institute,Autonomous Institute,0510684410,Electronics And Computer Engineering,LOBCS,152151,42.6339209,Stage I,2025-26,1,20
05106,"Khandesh College Education Society'S College Of Engineering And Management, Jalgaon",Jalgaon,Un-Aided,Autonomous,Autonomous Institute,Autonomous Institute,0510684410,Electronics And Computer Engineering,TFWS,122382,57.5410529,Stage I,2025-26,1,20
05106,"Khandesh College Education Society'S College Of Engineering And Management, Jalgaon",Jalgaon,Un-Aided,Autonomous,Autonomous Institute,Autonomous Institute,0510691210,Computer Science And Engineering(Data Science),GOPENS,115950,60.4378874,Stage I,2025-26,1,21
05106,"Khandesh College Education Society'S College Of Engineering And Management, Jalgaon",Jalgaon,Un-Aided,Autonomous,Autonomous Institute,Autonomous Institute,0510691210,Computer Science And Engineering(Data Science),GSCS,177705,24.9543245,Stage I,2025-26,1,21
05106,"Khandesh College Education Society'S College Of Engineering And Management, Jalgaon",Jalgaon,Un-Aided,Autonomous,Autonomous Institute,Autonomous Institute,0510691210,Computer Science And Engineering(Data Science),GVJS,140866,48.5587427,Stage I,2025-26,1,21
05106,"Khandesh College Education Society'S College Of Engineering And Management, Jalgaon",Jalgaon,Un-Aided,Autonomous,Autonomous Institute,Autonomous Institute,0510691210,Computer Science And Engineering(Data Science),GNT2S,145126,46.3957696,Stage I,2025-26,1,21
05106,"Khandesh College Education Society'S College Of Engineering And Management, Jalgaon",Jalgaon,Un-Aided,Autonomous,Autonomous Institute,Autonomous Institute,0510691210,Computer Science And Engineering(Data Science),GOBCS,118830,59.2797111,Stage I,2025-26,1,21
05106,"Khandesh College Education Society'S College Of Engineering And Management, Jalgaon",Jalgaon,Un-Aided,Autonomous,Autonomous Institute,Autonomous Institute,0510691210,Computer Science And Engineering(Data Science),GSEBCS,192519,12.3781915,Stage I,2025-26,1,21
05106,"Khandesh College Education Society'S College Of Engineering And Management, Jalgaon",Jalgaon,Un-Aided,Autonomous,Autonomous Institute,Autonomous Institute,0510691210,Computer Science And Engineering(Data Science),LOPENS,109258,63.4714222,Stage I,2025-26,1,21
05106,"Khandesh College Education Society'S College Of Engineering And Management, Jalgaon",Jalgaon,Un-Aided,Autonomous,Autonomous Institute,Autonomous Institute,0510691210,Computer Science And Engineering(Data Science),LSCS,187434,16.6909773,Stage I,2025-26,1,21
05106,"Khandesh College Education Society'S College Of Engineering And Management, Jalgaon",Jalgaon,Un-Aided,Autonomous,Autonomous Institute,Autonomous Institute,0510691210,Computer Science And Engineering(Data Science),LNT1S,178649,24.6987745,Stage I,2025-26,1,21
05106,"Khandesh College Education Society'S College Of Engineering And Management, Jalgaon",Jalgaon,Un-Aided,Autonomous,Autonomous Institute,Autonomous Institute,0510691210,Computer Science And Engineering(Data Science),LOBCS,115178,60.8775137,Stage I,2025-26,1,21
05106,"Khandesh College Education Society'S College Of Engineering And Management, Jalgaon",Jalgaon,Un-Aided,Autonomous,Autonomous Institute,Autonomous Institute,0510691210,Computer Science And Engineering(Data Science),TFWS,95356,69.3295893,Stage I,2025-26,1,21
05106,"Khandesh College Education Society'S College Of Engineering And Management, Jalgaon",Jalgaon,Un-Aided,Autonomous,Autonomous Institute,Autonomous Institute,0510691210,Computer Science And Engineering(Data Science),EWS,202635,1.5960564,Stage I,2025-26,1,21
05152,"G H Raisoni College Of Engineering And Management, Jalgaon",Jalgaon,Un-Aided Linguistic Minority - Hindi,Autonomous,Autonomous Institute,Autonomous Institute,0515219110,Civil Engineering,GOPENS,138335,49.7291102,Stage I,2025-26,1,64
05152,"G H Raisoni College Of Engineering And Management, Jalgaon",Jalgaon,Un-Aided Linguistic Minority - Hindi,Autonomous,Autonomous Institute,Autonomous Institute,0515219110,Civil Engineering,LOPENS,153518,41.4020979,Stage I,2025-26,1,64
05152,"G H Raisoni College Of Engineering And Management, Jalgaon",Jalgaon,Un-Aided Linguistic Minority - Hindi,Autonomous,Autonomous Institute,Autonomous Institute,0515219110,Civil Engineering,MI,148763,43.74434,Stage I,2025-26,1,64
05152,"G H Raisoni College Of Engineering And Management, Jalgaon",Jalgaon,Un-Aided Linguistic Minority - Hindi,Autonomous,Autonomous Institute,Autonomous Institute,0515219110,Civil Engineering,TFWS,134600,51.57164,Stage I,2025-26,1,64
05152,"G H Raisoni College Of Engineering And Management, Jalgaon",Jalgaon,Un-Aided Linguistic Minority - Hindi,Autonomous,Autonomous Institute,Autonomous Institute,0515224210,Computer Science And Engineering,GOPENS,89878,71.4842352,Stage I,2025-26,1,64
05152,"G H Raisoni College Of Engineering And Management, Jalgaon",Jalgaon,Un-Aided Linguistic Minority - Hindi,Autonomous,Autonomous Institute,Autonomous Institute,0515224210,Computer Science And Engineering,LOPENS,81779,74.5404987,Stage I,2025-26,1,64
05152,"G H Raisoni College Of Engineering And Management, Jalgaon",Jalgaon,Un-Aided Linguistic Minority - Hindi,Autonomous,Autonomous Institute,Autonomous Institute,0515224210,Computer Science And Engineering,MI,201920,2.5131625,Stage I,2025-26,1,64
05152,"G H Raisoni College Of Engineering And Management, Jalgaon",Jalgaon,Un-Aided Linguistic Minority - Hindi,Autonomous,Autonomous Institute,Autonomous Institute,0515224210,Computer Science And Engineering,TFWS,82200,74.0094972,Stage I,2025-26,1,64
05152,"G H Raisoni College Of Engineering And Management, Jalgaon",Jalgaon,Un-Aided Linguistic Minority - Hindi,Autonomous,Autonomous Institute,Autonomous Institute,0515224610,Information Technology,GOPENS,84084,73.5570613,Stage I,2025-26,1,64
05152,"G H Raisoni College Of Engineering And Management, Jalgaon",Jalgaon,Un-Aided Linguistic Minority - Hindi,Autonomous,Autonomous Institute,Autonomous Institute,0515224610,Information Technology,LOPENS,85353,73.2612864,Stage I,2025-26,1,64
05152,"G H Raisoni College Of Engineering And Management, Jalgaon",Jalgaon,Un-Aided Linguistic Minority - Hindi,Autonomous,Autonomous Institute,Autonomous Institute,0515224610,Information Technology,TFWS,68990,78.6729363,Stage I,2025-26,1,64
05152,"G H Raisoni College Of Engineering And Management, Jalgaon",Jalgaon,Un-Aided Linguistic Minority - Hindi,Autonomous,Autonomous Institute,Autonomous Institute,0515229310,Electrical Engineering,GOPENS,139100,49.4020979,Stage I,2025-26,1,64
05152,"G H Raisoni College Of Engineering And Management, Jalgaon",Jalgaon,Un-Aided Linguistic Minority - Hindi,Autonomous,Autonomous Institute,Autonomous Institute,0515229310,Electrical Engineering,LOPENS,157516,39.2328654,Stage I,2025-26,1,64
05152,"G H Raisoni College Of Engineering And Management, Jalgaon",Jalgaon,Un-Aided Linguistic Minority - Hindi,Autonomous,Autonomous Institute,Autonomous Institute,0515229310,Electrical Engineering,TFWS,116631,60.422115,Stage I,2025-26,1,64
05152,"G H Raisoni College Of Engineering And Management, Jalgaon",Jalgaon,Un-Aided Linguistic Minority - Hindi,Autonomous,Autonomous Institute,Autonomous Institute,0515237210,Electronics And Telecommunication Engg,GOPENS,100171,67.217709,Stage I,2025-26,1,65
05152,"G H Raisoni College Of Engineering And Management, Jalgaon",Jalgaon,Un-Aided Linguistic Minority - Hindi,Autonomous,Autonomous Institute,Autonomous Institute,0515237210,Electronics And Telecommunication Engg,LOPENS,97256,68.4887011,Stage I,2025-26,1,65
05152,"G H Raisoni College Of Engineering And Management, Jalgaon",Jalgaon,Un-Aided Linguistic Minority - Hindi,Autonomous,Autonomous Institute,Autonomous Institute,0515237210,Electronics And Telecommunication Engg,MI,173802,28.3031822,Stage I,2025-26,1,65
05152,"G H Raisoni College Of Engineering And Management, Jalgaon",Jalgaon,Un-Aided Linguistic Minority - Hindi,Autonomous,Autonomous Institute,Autonomous Institute,0515237210,Electronics And Telecommunication Engg,TFWS,87732,72.102802,Stage I,2025-26,1,65
05152,"G H Raisoni College Of Engineering And Management, Jalgaon",Jalgaon,Un-Aided Linguistic Minority - Hindi,Autonomous,Autonomous Institute,Autonomous Institute,0515261210,Mechanical Engineering,GOPENS,143858,47.0502678,Stage I,2025-26,1,65
05152,"G H Raisoni College Of Engineering And Management, Jalgaon",Jalgaon,Un-Aided Linguistic Minority - Hindi,Autonomous,Autonomous Institute,Autonomous Institute,0515261210,Mechanical Engineering,LOPENS,152262,42.2674623,Stage I,2025-26,1,65
05152,"G H Raisoni College Of Engineering And Management, Jalgaon",Jalgaon,Un-Aided Linguistic Minority - Hindi,Autonomous,Autonomous Institute,Autonomous Institute,0515261210,Mechanical Engineering,MI,174531,26.7336064,Stage I,2025-26,1,65
05152,"G H Raisoni College Of Engineering And Management, Jalgaon",Jalgaon,Un-Aided Linguistic Minority - Hindi,Autonomous,Autonomous Institute,Autonomous Institute,0515261210,Mechanical Engineering,TFWS,117001,60.3213757,Stage I,2025-26,1,65
05152,"G H Raisoni College Of Engineering And Management, Jalgaon",Jalgaon,Un-Aided Linguistic Minority - Hindi,Autonomous,Autonomous Institute,Autonomous Institute,0515291110,Computer Science And Engineering(Artificial Intelligence And Machine Learning),GOPENS,71419,78.2396759,Stage I,2025-26,1,65
05152,"G H Raisoni College Of Engineering And Management, Jalgaon",Jalgaon,Un-Aided Linguistic Minority - Hindi,Autonomous,Autonomous Institute,Autonomous Institute,0515291110,Computer Science And Engineering(Artificial Intelligence And Machine Learning),LOPENS,60237,81.7705077,Stage I,2025-26,1,65
05152,"G H Raisoni College Of Engineering And Management, Jalgaon",Jalgaon,Un-Aided Linguistic Minority - Hindi,Autonomous,Autonomous Institute,Autonomous Institute,0515291110,Computer Science And Engineering(Artificial Intelligence And Machine Learning),MI,203023,1.0894199,Stage I,2025-26,1,65
05152,"G H Raisoni College Of Engineering And Management, Jalgaon",Jalgaon,Un-Aided Linguistic Minority - Hindi,Autonomous,Autonomous Institute,Autonomous Institute,0515291110,Computer Science And Engineering(Artificial Intelligence And Machine Learning),TFWS,57824,82.4521073,Stage I,2025-26,1,65
05152,"G H Raisoni College Of Engineering And Management, Jalgaon",Jalgaon,Un-Aided Linguistic Minority - Hindi,Autonomous,Autonomous Institute,Autonomous Institute,0515291210,Computer Science And Engineering(Data Science),GOPENS,95491,69.2179237,Stage I,2025-26,1,65
05152,"G H Raisoni College Of Engineering And Management, Jalgaon",Jalgaon,Un-Aided Linguistic Minority - Hindi,Autonomous,Autonomous Institute,Autonomous Institute,0515291210,Computer Science And Engineering(Data Science),LOPENS,94354,69.4936445,Stage I,2025-26,1,65
05152,"G H Raisoni College Of Engineering And Management, Jalgaon",Jalgaon,Un-Aided Linguistic Minority - Hindi,Autonomous,Autonomous Institute,Autonomous Institute,0515291210,Computer Science And Engineering(Data Science),MI,179672,22.8933117,Stage I,2025-26,1,65
05152,"G H Raisoni College Of Engineering And Management, Jalgaon",Jalgaon,Un-Aided Linguistic Minority - Hindi,Autonomous,Autonomous Institute,Autonomous Institute,0515291210,Computer Science And Engineering(Data Science),TFWS,84707,73.4722277,Stage I,2025-26,1,65
05152,"G H Raisoni College Of Engineering And Management, Jalgaon",Jalgaon,Un-Aided Linguistic Minority - Hindi,Autonomous,Autonomous Institute,Autonomous Institute,0515291310,Computer Science And Engineering (Artificial Intelligence),GOPENS,93393,70.2033567,Stage I,2025-26,1,66
05152,"G H Raisoni College Of Engineering And Management, Jalgaon",Jalgaon,Un-Aided Linguistic Minority - Hindi,Autonomous,Autonomous Institute,Autonomous Institute,0515291310,Computer Science And Engineering (Artificial Intelligence),LOPENS,90081,71.4842352,Stage I,2025-26,1,66
05152,"G H Raisoni College Of Engineering And Management, Jalgaon",Jalgaon,Un-Aided Linguistic Minority - Hindi,Autonomous,Autonomous Institute,Autonomous Institute,0515291310,Computer Science And Engineering (Artificial Intelligence),MI,202887,1.3078851,Stage I,2025-26,1,66
05152,"G H Raisoni College Of Engineering And Management, Jalgaon",Jalgaon,Un-Aided Linguistic Minority - Hindi,Autonomous,Autonomous Institute,Autonomous Institute,0515291310,Computer Science And Engineering (Artificial Intelligence),TFWS,87164,72.3760958,Stage I,2025-26,1,66
05168,"T.M.E. Society'S J.T.Mahajan College Of Engineering, Faizpur",Jalgaon,Un-Aided,Non-Autonomous,"Kavayitri Bahinabai Chaudhari North Maharashtra University, Jalgaon","Kavayitri Bahinabai Chaudhari North Maharashtra University, Jalgaon",0516819110,Civil Engineering,GOPENH,168600,32.0008834,Stage I,2025-26,1,87
05168,"T.M.E. Society'S J.T.Mahajan College Of Engineering, Faizpur",Jalgaon,Un-Aided,Non-Autonomous,"Kavayitri Bahinabai Chaudhari North Maharashtra University, Jalgaon","Kavayitri Bahinabai Chaudhari North Maharashtra University, Jalgaon",0516819110,Civil Engineering,LOPENH,180273,22.4248107,Stage I,2025-26,1,87
05168,"T.M.E. Society'S J.T.Mahajan College Of Engineering, Faizpur",Jalgaon,Un-Aided,Non-Autonomous,"Kavayitri Bahinabai Chaudhari North Maharashtra University, Jalgaon","Kavayitri Bahinabai Chaudhari North Maharashtra University, Jalgaon",0516819110,Civil Engineering,GOPENO,182629,21.3037657,Stage I,2025-26,1,87
05168,"T.M.E. Society'S J.T.Mahajan College Of Engineering, Faizpur",Jalgaon,Un-Aided,Non-Autonomous,"Kavayitri Bahinabai Chaudhari North Maharashtra University, Jalgaon","Kavayitri Bahinabai Chaudhari North Maharashtra University, Jalgaon",0516819110,Civil Engineering,GOPENO,179140,23.4132019,Stage I,2025-26,1,87
05168,"T.M.E. Society'S J.T.Mahajan College Of Engineering, Faizpur",Jalgaon,Un-Aided,Non-Autonomous,"Kavayitri Bahinabai Chaudhari North Maharashtra University, Jalgaon","Kavayitri Bahinabai Chaudhari North Maharashtra University, Jalgaon",0516819110,Civil Engineering,GOBCO,194195,10.8523619,Stage I,2025-26,1,87
05168,"T.M.E. Society'S J.T.Mahajan College Of Engineering, Faizpur",Jalgaon,Un-Aided,Non-Autonomous,"Kavayitri Bahinabai Chaudhari North Maharashtra University, Jalgaon","Kavayitri Bahinabai Chaudhari North Maharashtra University, Jalgaon",0516819110,Civil Engineering,LOPENO,197747,7.1923077,Stage I,2025-26,1,87
05168,"T.M.E. Society'S J.T.Mahajan College Of Engineering, Faizpur",Jalgaon,Un-Aided,Non-Autonomous,"Kavayitri Bahinabai Chaudhari North Maharashtra University, Jalgaon","Kavayitri Bahinabai Chaudhari North Maharashtra University, Jalgaon",0516819110,Civil Engineering,LOBCO,201591,3.0019522,Stage I,2025-26,1,87
05168,"T.M.E. Society'S J.T.Mahajan College Of Engineering, Faizpur",Jalgaon,Un-Aided,Non-Autonomous,"Kavayitri Bahinabai Chaudhari North Maharashtra University, Jalgaon","Kavayitri Bahinabai Chaudhari North Maharashtra University, Jalgaon",0516824510,Computer Engineering,GOPENH,130464,53.7591782,Stage I,2025-26,1,88
05168,"T.M.E. Society'S J.T.Mahajan College Of Engineering, Faizpur",Jalgaon,Un-Aided,Non-Autonomous,"Kavayitri Bahinabai Chaudhari North Maharashtra University, Jalgaon","Kavayitri Bahinabai Chaudhari North Maharashtra University, Jalgaon",0516824510,Computer Engineering,GSCH,192217,12.5776664,Stage I,2025-26,1,88
05168,"T.M.E. Society'S J.T.Mahajan College Of Engineering, Faizpur",Jalgaon,Un-Aided,Non-Autonomous,"Kavayitri Bahinabai Chaudhari North Maharashtra University, Jalgaon","Kavayitri Bahinabai Chaudhari North Maharashtra University, Jalgaon",0516824510,Computer Engineering,GVJH,139466,49.3416227,Stage I,2025-26,1,88
05168,"T.M.E. Society'S J.T.Mahajan College Of Engineering, Faizpur",Jalgaon,Un-Aided,Non-Autonomous,"Kavayitri Bahinabai Chaudhari North Maharashtra University, Jalgaon","Kavayitri Bahinabai Chaudhari North Maharashtra University, Jalgaon",0516824510,Computer Engineering,GNT1H,146334,45.8266058,Stage I,2025-26,1,88
05168,"T.M.E. Society'S J.T.Mahajan College Of Engineering, Faizpur",Jalgaon,Un-Aided,Non-Autonomous,"Kavayitri Bahinabai Chaudhari North Maharashtra University, Jalgaon","Kavayitri Bahinabai Chaudhari North Maharashtra University, Jalgaon",0516824510,Computer Engineering,GNT2H,163749,35.4407253,Stage I,2025-26,1,88
05168,"T.M.E. Society'S J.T.Mahajan College Of Engineering, Faizpur",Jalgaon,Un-Aided,Non-Autonomous,"Kavayitri Bahinabai Chaudhari North Maharashtra University, Jalgaon","Kavayitri Bahinabai Chaudhari North Maharashtra University, Jalgaon",0516824510,Computer Engineering,GOBCH,137741,50.3223138,Stage I,2025-26,1,88
05168,"T.M.E. Society'S J.T.Mahajan College Of Engineering, Faizpur",Jalgaon,Un-Aided,Non-Autonomous,"Kavayitri Bahinabai Chaudhari North Maharashtra University, Jalgaon","Kavayitri Bahinabai Chaudhari North Maharashtra University, Jalgaon",0516824510,Computer Engineering,LOPENH,98576,68.1164395,Stage I,2025-26,1,88
05168,"T.M.E. Society'S J.T.Mahajan College Of Engineering, Faizpur",Jalgaon,Un-Aided,Non-Autonomous,"Kavayitri Bahinabai Chaudhari North Maharashtra University, Jalgaon","Kavayitri Bahinabai Chaudhari North Maharashtra University, Jalgaon",0516824510,Computer Engineering,LSCH,175230,25.9873754,Stage I,2025-26,1,88
05168,"T.M.E. Society'S J.T.Mahajan College Of Engineering, Faizpur",Jalgaon,Un-Aided,Non-Autonomous,"Kavayitri Bahinabai Chaudhari North Maharashtra University, Jalgaon","Kavayitri Bahinabai Chaudhari North Maharashtra University, Jalgaon",0516824510,Computer Engineering,LOBCH,109660,63.3986014,Stage I,2025-26,1,88
05168,"T.M.E. Society'S J.T.Mahajan College Of Engineering, Faizpur",Jalgaon,Un-Aided,Non-Autonomous,"Kavayitri Bahinabai Chaudhari North Maharashtra University, Jalgaon","Kavayitri Bahinabai Chaudhari North Maharashtra University, Jalgaon",0516824510,Computer Engineering,PWDOPENH,139061,49.4020979,Stage I,2025-26,1,88
05168,"T.M.E. Society'S J.T.Mahajan College Of Engineering, Faizpur",Jalgaon,Un-Aided,Non-Autonomous,"Kavayitri Bahinabai Chaudhari North Maharashtra University, Jalgaon","Kavayitri Bahinabai Chaudhari North Maharashtra University, Jalgaon",0516824510,Computer Engineering,GOPENO,190977,13.9047479,Stage I,2025-26,1,88
05168,"T.M.E. Society'S J.T.Mahajan College Of Engineering, Faizpur",Jalgaon,Un-Aided,Non-Autonomous,"Kavayitri Bahinabai Chaudhari North Maharashtra University, Jalgaon","Kavayitri Bahinabai Chaudhari North Maharashtra University, Jalgaon",0516824510,Computer Engineering,GOBCO,191281,13.4300699,Stage I,2025-26,1,88
05168,"T.M.E. Society'S J.T.Mahajan College Of Engineering, Faizpur",Jalgaon,Un-Aided,Non-Autonomous,"Kavayitri Bahinabai Chaudhari North Maharashtra University, Jalgaon","Kavayitri Bahinabai Chaudhari North Maharashtra University, Jalgaon",0516824510,Computer Engineering,LOPENO,88884,71.6607627,Stage I,2025-26,1,88
05168,"T.M.E. Society'S J.T.Mahajan College Of Engineering, Faizpur",Jalgaon,Un-Aided,Non-Autonomous,"Kavayitri Bahinabai Chaudhari North Maharashtra University, Jalgaon","Kavayitri Bahinabai Chaudhari North Maharashtra University, Jalgaon",0516824510,Computer Engineering,LVJO,199765,5.1070551,Stage II,2025-26,1,88
05168,"T.M.E. Society'S J.T.Mahajan College Of Engineering, Faizpur",Jalgaon,Un-Aided,Non-Autonomous,"Kavayitri Bahinabai Chaudhari North Maharashtra University, Jalgaon","Kavayitri Bahinabai Chaudhari North Maharashtra University, Jalgaon",0516824510,Computer Engineering,GOBCO,137937,50.3223138,Stage I,2025-26,1,88
05168,"T.M.E. Society'S J.T.Mahajan College Of Engineering, Faizpur",Jalgaon,Un-Aided,Non-Autonomous,"Kavayitri Bahinabai Chaudhari North Maharashtra University, Jalgaon","Kavayitri Bahinabai Chaudhari North Maharashtra University, Jalgaon",0516824510,Computer Engineering,LNT2O,144082,46.7613499,Stage I,2025-26,1,88
05168,"T.M.E. Society'S J.T.Mahajan College Of Engineering, Faizpur",Jalgaon,Un-Aided,Non-Autonomous,"Kavayitri Bahinabai Chaudhari North Maharashtra University, Jalgaon","Kavayitri Bahinabai Chaudhari North Maharashtra University, Jalgaon",0516824510,Computer Engineering,TFWS,101802,66.4263323,Stage I,2025-26,1,88
05168,"T.M.E. Society'S J.T.Mahajan College Of Engineering, Faizpur",Jalgaon,Un-Aided,Non-Autonomous,"Kavayitri Bahinabai Chaudhari North Maharashtra University, Jalgaon","Kavayitri Bahinabai Chaudhari North Maharashtra University, Jalgaon",0516824510,Computer Engineering,EWS,183847,19.7061157,Stage I,2025-26,1,88
05168,"T.M.E. Society'S J.T.Mahajan College Of Engineering, Faizpur",Jalgaon,Un-Aided,Non-Autonomous,"Kavayitri Bahinabai Chaudhari North Maharashtra University, Jalgaon","Kavayitri Bahinabai Chaudhari North Maharashtra University, Jalgaon",0516837210,Electronics And Telecommunication Engg,GOPENH,180451,22.3617813,Stage I,2025-26,1,89
05168,"T.M.E. Society'S J.T.Mahajan College Of Engineering, Faizpur",Jalgaon,Un-Aided,Non-Autonomous,"Kavayitri Bahinabai Chaudhari North Maharashtra University, Jalgaon","Kavayitri Bahinabai Chaudhari North Maharashtra University, Jalgaon",0516837210,Electronics And Telecommunication Engg,GOBCH,184713,19.2051273,Stage I,2025-26,1,89
05168,"T.M.E. Society'S J.T.Mahajan College Of Engineering, Faizpur",Jalgaon,Un-Aided,Non-Autonomous,"Kavayitri Bahinabai Chaudhari North Maharashtra University, Jalgaon","Kavayitri Bahinabai Chaudhari North Maharashtra University, Jalgaon",0516837210,Electronics And Telecommunication Engg,LOPENH,156519,39.5742169,Stage I,2025-26,1,89
05168,"T.M.E. Society'S J.T.Mahajan College Of Engineering, Faizpur",Jalgaon,Un-Aided,Non-Autonomous,"Kavayitri Bahinabai Chaudhari North Maharashtra University, Jalgaon","Kavayitri Bahinabai Chaudhari North Maharashtra University, Jalgaon",0516837210,Electronics And Telecommunication Engg,LOBCH,173170,28.4151863,Stage I,2025-26,1,89
05168,"T.M.E. Society'S J.T.Mahajan College Of Engineering, Faizpur",Jalgaon,Un-Aided,Non-Autonomous,"Kavayitri Bahinabai Chaudhari North Maharashtra University, Jalgaon","Kavayitri Bahinabai Chaudhari North Maharashtra University, Jalgaon",0516837210,Electronics And Telecommunication Engg,GOPENO,185296,18.9335664,Stage I,2025-26,1,89
05168,"T.M.E. Society'S J.T.Mahajan College Of Engineering, Faizpur",Jalgaon,Un-Aided,Non-Autonomous,"Kavayitri Bahinabai Chaudhari North Maharashtra University, Jalgaon","Kavayitri Bahinabai Chaudhari North Maharashtra University, Jalgaon",0516837210,Electronics And Telecommunication Engg,GOPENO,175483,25.968356,Stage I,2025-26,1,89
05168,"T.M.E. Society'S J.T.Mahajan College Of Engineering, Faizpur",Jalgaon,Un-Aided,Non-Autonomous,"Kavayitri Bahinabai Chaudhari North Maharashtra University, Jalgaon","Kavayitri Bahinabai Chaudhari North Maharashtra University, Jalgaon",0516837210,Electronics And Telecommunication Engg,GOBCO,182656,21.3037657,Stage I,2025-26,1,89
05168,"T.M.E. Society'S J.T.Mahajan College Of Engineering, Faizpur",Jalgaon,Un-Aided,Non-Autonomous,"Kavayitri Bahinabai Chaudhari North Maharashtra University, Jalgaon","Kavayitri Bahinabai Chaudhari North Maharashtra University, Jalgaon",0516837210,Electronics And Telecommunication Engg,LOPENO,161567,36.0836122,Stage I,2025-26,1,89
05168,"T.M.E. Society'S J.T.Mahajan College Of Engineering, Faizpur",Jalgaon,Un-Aided,Non-Autonomous,"Kavayitri Bahinabai Chaudhari North Maharashtra University, Jalgaon","Kavayitri Bahinabai Chaudhari North Maharashtra University, Jalgaon",0516837210,Electronics And Telecommunication Engg,LOBCO,170015,30.26063,Stage I,2025-26,1,89
05168,"T.M.E. Society'S J.T.Mahajan College Of Engineering, Faizpur",Jalgaon,Un-Aided,Non-Autonomous,"Kavayitri Bahinabai Chaudhari North Maharashtra University, Jalgaon","Kavayitri Bahinabai Chaudhari North Maharashtra University, Jalgaon",0516837210,Electronics And Telecommunication Engg,TFWS,175158,25.9873754,Stage I,2025-26,1,89
05168,"T.M.E. Society'S J.T.Mahajan College Of Engineering, Faizpur",Jalgaon,Un-Aided,Non-Autonomous,"Kavayitri Bahinabai Chaudhari North Maharashtra University, Jalgaon","Kavayitri Bahinabai Chaudhari North Maharashtra University, Jalgaon",0516861210,Mechanical Engineering,GOPENH,203583,0.2504871,Stage I,2025-26,1,89
05168,"T.M.E. Society'S J.T.Mahajan College Of Engineering, Faizpur",Jalgaon,Un-Aided,Non-Autonomous,"Kavayitri Bahinabai Chaudhari North Maharashtra University, Jalgaon","Kavayitri Bahinabai Chaudhari North Maharashtra University, Jalgaon",0516861210,Mechanical Engineering,LOPENH,197497,7.4355245,Stage I,2025-26,1,89
05170,"Hindi Seva Mandal'S Shri Sant Gadgebaba College Of Engineering & Technology, Bhusawal",Jalgaon,Un-Aided Linguistic Minority - Hindi,Autonomous,Autonomous Institute,Autonomous Institute,0517019110,Civil Engineering,GOPENS,202209,2.1515141,Stage I,2025-26,1,95
05170,"Hindi Seva Mandal'S Shri Sant Gadgebaba College Of Engineering & Technology, Bhusawal",Jalgaon,Un-Aided Linguistic Minority - Hindi,Autonomous,Autonomous Institute,Autonomous Institute,0517019110,Civil Engineering,LOPENS,176656,25.4741362,Stage I,2025-26,1,95
05170,"Hindi Seva Mandal'S Shri Sant Gadgebaba College Of Engineering & Technology, Bhusawal",Jalgaon,Un-Aided Linguistic Minority - Hindi,Autonomous,Autonomous Institute,Autonomous Institute,0517019110,Civil Engineering,MI,198510,6.4009128,Stage I,2025-26,1,95
05170,"Hindi Seva Mandal'S Shri Sant Gadgebaba College Of Engineering & Technology, Bhusawal",Jalgaon,Un-Aided Linguistic Minority - Hindi,Autonomous,Autonomous Institute,Autonomous Institute,0517024210,Computer Science And Engineering,GOPENS,149011,43.658874,Stage I,2025-26,1,95
05170,"Hindi Seva Mandal'S Shri Sant Gadgebaba College Of Engineering & Technology, Bhusawal",Jalgaon,Un-Aided Linguistic Minority - Hindi,Autonomous,Autonomous Institute,Autonomous Institute,0517024210,Computer Science And Engineering,LOPENS,135121,51.1762787,Stage I,2025-26,1,95
05170,"Hindi Seva Mandal'S Shri Sant Gadgebaba College Of Engineering & Technology, Bhusawal",Jalgaon,Un-Aided Linguistic Minority - Hindi,Autonomous,Autonomous Institute,Autonomous Institute,0517024210,Computer Science And Engineering,MI,195889,9.113484,Stage I,2025-26,1,95
05170,"Hindi Seva Mandal'S Shri Sant Gadgebaba College Of Engineering & Technology, Bhusawal",Jalgaon,Un-Aided Linguistic Minority - Hindi,Autonomous,Autonomous Institute,Autonomous Institute,0517024210,Computer Science And Engineering,TFWS,83775,73.6159498,Stage I,2025-26,1,95
05170,"Hindi Seva Mandal'S Shri Sant Gadgebaba College Of Engineering & Technology, Bhusawal",Jalgaon,Un-Aided Linguistic Minority - Hindi,Autonomous,Autonomous Institute,Autonomous Institute,0517029310,Electrical Engineering,GOPENS,201922,2.5131625,Stage I,2025-26,1,95
05170,"Hindi Seva Mandal'S Shri Sant Gadgebaba College Of Engineering & Technology, Bhusawal",Jalgaon,Un-Aided Linguistic Minority - Hindi,Autonomous,Autonomous Institute,Autonomous Institute,0517029310,Electrical Engineering,LOPENS,202670,1.5757364,Stage I,2025-26,1,95
05170,"Hindi Seva Mandal'S Shri Sant Gadgebaba College Of Engineering & Technology, Bhusawal",Jalgaon,Un-Aided Linguistic Minority - Hindi,Autonomous,Autonomous Institute,Autonomous Institute,0517029310,Electrical Engineering,LOPENS,203005,1.1160632,Stage II,2025-26,1,95
05170,"Hindi Seva Mandal'S Shri Sant Gadgebaba College Of Engineering & Technology, Bhusawal",Jalgaon,Un-Aided Linguistic Minority - Hindi,Autonomous,Autonomous Institute,Autonomous Institute,0517037210,Electronics And Telecommunication Engg,GOPENS,164816,33.6209084,Stage I,2025-26,1,95
05170,"Hindi Seva Mandal'S Shri Sant Gadgebaba College Of Engineering & Technology, Bhusawal",Jalgaon,Un-Aided Linguistic Minority - Hindi,Autonomous,Autonomous Institute,Autonomous Institute,0517037210,Electronics And Telecommunication Engg,LOPENS,145806,45.9245973,Stage I,2025-26,1,95
05170,"Hindi Seva Mandal'S Shri Sant Gadgebaba College Of Engineering & Technology, Bhusawal",Jalgaon,Un-Aided Linguistic Minority - Hindi,Autonomous,Autonomous Institute,Autonomous Institute,0517037210,Electronics And Telecommunication Engg,MI,189074,15.4704064,Stage I,2025-26,1,95
05170,"Hindi Seva Mandal'S Shri Sant Gadgebaba College Of Engineering & Technology, Bhusawal",Jalgaon,Un-Aided Linguistic Minority - Hindi,Autonomous,Autonomous Institute,Autonomous Institute,0517037210,Electronics And Telecommunication Engg,TFWS,159384,37.6293706,Stage I,2025-26,1,95
05170,"Hindi Seva Mandal'S Shri Sant Gadgebaba College Of Engineering & Technology, Bhusawal",Jalgaon,Un-Aided Linguistic Minority - Hindi,Autonomous,Autonomous Institute,Autonomous Institute,0517061210,Mechanical Engineering,GOPENS,202151,2.3662516,Stage I,2025-26,1,96
05170,"Hindi Seva Mandal'S Shri Sant Gadgebaba College Of Engineering & Technology, Bhusawal",Jalgaon,Un-Aided Linguistic Minority - Hindi,Autonomous,Autonomous Institute,Autonomous Institute,0517061210,Mechanical Engineering,LOPENS,183248,20.3327444,Stage I,2025-26,1,96
05170,"Hindi Seva Mandal'S Shri Sant Gadgebaba College Of Engineering & Technology, Bhusawal",Jalgaon,Un-Aided Linguistic Minority - Hindi,Autonomous,Autonomous Institute,Autonomous Institute,0517084410,Electronics And Computer Engineering,GOPENS,169658,31.5596589,Stage I,2025-26,1,96
05170,"Hindi Seva Mandal'S Shri Sant Gadgebaba College Of Engineering & Technology, Bhusawal",Jalgaon,Un-Aided Linguistic Minority - Hindi,Autonomous,Autonomous Institute,Autonomous Institute,0517084410,Electronics And Computer Engineering,LOPENS,170590,29.5314685,Stage I,2025-26,1,96
05170,"Hindi Seva Mandal'S Shri Sant Gadgebaba College Of Engineering & Technology, Bhusawal",Jalgaon,Un-Aided Linguistic Minority - Hindi,Autonomous,Autonomous Institute,Autonomous Institute,0517091210,Computer Science And Engineering(Data Science),GOPENS,157370,39.2328654,Stage I,2025-26,1,96
05170,"Hindi Seva Mandal'S Shri Sant Gadgebaba College Of Engineering & Technology, Bhusawal",Jalgaon,Un-Aided Linguistic Minority - Hindi,Autonomous,Autonomous Institute,Autonomous Institute,0517091210,Computer Science And Engineering(Data Science),LOPENS,143466,47.13962,Stage I,2025-26,1,96
05170,"Hindi Seva Mandal'S Shri Sant Gadgebaba College Of Engineering & Technology, Bhusawal",Jalgaon,Un-Aided Linguistic Minority - Hindi,Autonomous,Autonomous Institute,Autonomous Institute,0517091210,Computer Science And Engineering(Data Science),MI,165151,33.465035,Stage I,2025-26,1,96
05170,"Hindi Seva Mandal'S Shri Sant Gadgebaba College Of Engineering & Technology, Bhusawal",Jalgaon,Un-Aided Linguistic Minority - Hindi,Autonomous,Autonomous Institute,Autonomous Institute,0517091210,Computer Science And Engineering(Data Science),TFWS,119136,59.1762367,Stage I,2025-26,1,96
05171,"Godavari Foundation'S Godavari College Of Engineering, Jalgaon",Jalgaon,Un-Aided,Non-Autonomous,"Kavayitri Bahinabai Chaudhari North Maharashtra University, Jalgaon","Kavayitri Bahinabai Chaudhari North Maharashtra University, Jalgaon",0517124510,Computer Engineering,GOPENH,110575,63.200058,Stage I,2025-26,1,97
05171,"Godavari Foundation'S Godavari College Of Engineering, Jalgaon",Jalgaon,Un-Aided,Non-Autonomous,"Kavayitri Bahinabai Chaudhari North Maharashtra University, Jalgaon","Kavayitri Bahinabai Chaudhari North Maharashtra University, Jalgaon",0517124510,Computer Engineering,GSCH,161781,35.9909439,Stage I,2025-26,1,97
05171,"Godavari Foundation'S Godavari College Of Engineering, Jalgaon",Jalgaon,Un-Aided,Non-Autonomous,"Kavayitri Bahinabai Chaudhari North Maharashtra University, Jalgaon","Kavayitri Bahinabai Chaudhari North Maharashtra University, Jalgaon",0517124510,Computer Engineering,GVJH,125442,56.2929777,Stage I,2025-26,1,97
05171,"Godavari Foundation'S Godavari College Of Engineering, Jalgaon",Jalgaon,Un-Aided,Non-Autonomous,"Kavayitri Bahinabai Chaudhari North Maharashtra University, Jalgaon","Kavayitri Bahinabai Chaudhari North Maharashtra University, Jalgaon",0517124510,Computer Engineering,GNT1H,140537,48.5587427,Stage I,2025-26,1,97
05171,"Godavari Foundation'S Godavari College Of Engineering, Jalgaon",Jalgaon,Un-Aided,Non-Autonomous,"Kavayitri Bahinabai Chaudhari North Maharashtra University, Jalgaon","Kavayitri Bahinabai Chaudhari North Maharashtra University, Jalgaon",0517124510,Computer Engineering,GNT2H,144965,46.3957696,Stage I,2025-26,1,97
05171,"Godavari Foundation'S Godavari College Of Engineering, Jalgaon",Jalgaon,Un-Aided,Non-Autonomous,"Kavayitri Bahinabai Chaudhari North Maharashtra University, Jalgaon","Kavayitri Bahinabai Chaudhari North Maharashtra University, Jalgaon",0517124510,Computer Engineering,GOBCH,114448,61.1295449,Stage I,2025-26,1,97
05171,"Godavari Foundation'S Godavari College Of Engineering, Jalgaon",Jalgaon,Un-Aided,Non-Autonomous,"Kavayitri Bahinabai Chaudhari North Maharashtra University, Jalgaon","Kavayitri Bahinabai Chaudhari North Maharashtra University, Jalgaon",0517124510,Computer Engineering,GSEBCH,200391,4.3679994,Stage I,2025-26,1,97
05171,"Godavari Foundation'S Godavari College Of Engineering, Jalgaon",Jalgaon,Un-Aided,Non-Autonomous,"Kavayitri Bahinabai Chaudhari North Maharashtra University, Jalgaon","Kavayitri Bahinabai Chaudhari North Maharashtra University, Jalgaon",0517124510,Computer Engineering,LOPENH,107659,64.2631037,Stage I,2025-26,1,97
05171,"Godavari Foundation'S Godavari College Of Engineering, Jalgaon",Jalgaon,Un-Aided,Non-Autonomous,"Kavayitri Bahinabai Chaudhari North Maharashtra University, Jalgaon","Kavayitri Bahinabai Chaudhari North Maharashtra University, Jalgaon",0517124510,Computer Engineering,LSCH,140117,49.1540892,Stage I,2025-26,1,97
05171,"Godavari Foundation'S Godavari College Of Engineering, Jalgaon",Jalgaon,Un-Aided,Non-Autonomous,"Kavayitri Bahinabai Chaudhari North Maharashtra University, Jalgaon","Kavayitri Bahinabai Chaudhari North Maharashtra University, Jalgaon",0517124510,Computer Engineering,LNT1H,134888,51.57164,Stage I,2025-26,1,97
05171,"Godavari Foundation'S Godavari College Of Engineering, Jalgaon",Jalgaon,Un-Aided,Non-Autonomous,"Kavayitri Bahinabai Chaudhari North Maharashtra University, Jalgaon","Kavayitri Bahinabai Chaudhari North Maharashtra University, Jalgaon",0517124510,Computer Engineering,LNT2H,123864,57.0133407,Stage I,2025-26,1,97
05171,"Godavari Foundation'S Godavari College Of Engineering, Jalgaon",Jalgaon,Un-Aided,Non-Autonomous,"Kavayitri Bahinabai Chaudhari North Maharashtra University, Jalgaon","Kavayitri Bahinabai Chaudhari North Maharashtra University, Jalgaon",0517124510,Computer Engineering,LOBCH,110913,62.918458,Stage I,2025-26,1,97
05171,"Godavari Foundation'S Godavari College Of Engineering, Jalgaon",Jalgaon,Un-Aided,Non-Autonomous,"Kavayitri Bahinabai Chaudhari North Maharashtra University, Jalgaon","Kavayitri Bahinabai Chaudhari North Maharashtra University, Jalgaon",0517124510,Computer Engineering,LNT3H,184806,19.1697794,Stage I,2025-26,1,97
05171,"Godavari Foundation'S Godavari College Of Engineering, Jalgaon",Jalgaon,Un-Aided,Non-Autonomous,"Kavayitri Bahinabai Chaudhari North Maharashtra University, Jalgaon","Kavayitri Bahinabai Chaudhari North Maharashtra University, Jalgaon",0517124510,Computer Engineering,GOPENO,129740,54.0903901,Stage I,2025-26,1,97
05171,"Godavari Foundation'S Godavari College Of Engineering, Jalgaon",Jalgaon,Un-Aided,Non-Autonomous,"Kavayitri Bahinabai Chaudhari North Maharashtra University, Jalgaon","Kavayitri Bahinabai Chaudhari North Maharashtra University, Jalgaon",0517124510,Computer Engineering,GSCO,180600,22.3617813,Stage I,2025-26,1,97
05171,"Godavari Foundation'S Godavari College Of Engineering, Jalgaon",Jalgaon,Un-Aided,Non-Autonomous,"Kavayitri Bahinabai Chaudhari North Maharashtra University, Jalgaon","Kavayitri Bahinabai Chaudhari North Maharashtra University, Jalgaon",0517124510,Computer Engineering,GVJO,168837,31.9280223,Stage I,2025-26,1,97
05171,"Godavari Foundation'S Godavari College Of Engineering, Jalgaon",Jalgaon,Un-Aided,Non-Autonomous,"Kavayitri Bahinabai Chaudhari North Maharashtra University, Jalgaon","Kavayitri Bahinabai Chaudhari North Maharashtra University, Jalgaon",0517124510,Computer Engineering,GNT1O,160455,36.226012,Stage I,2025-26,1,97
05171,"Godavari Foundation'S Godavari College Of Engineering, Jalgaon",Jalgaon,Un-Aided,Non-Autonomous,"Kavayitri Bahinabai Chaudhari North Maharashtra University, Jalgaon","Kavayitri Bahinabai Chaudhari North Maharashtra University, Jalgaon",0517124510,Computer Engineering,GOBCO,135686,50.9683037,Stage I,2025-26,1,97
05171,"Godavari Foundation'S Godavari College Of Engineering, Jalgaon",Jalgaon,Un-Aided,Non-Autonomous,"Kavayitri Bahinabai Chaudhari North Maharashtra University, Jalgaon","Kavayitri Bahinabai Chaudhari North Maharashtra University, Jalgaon",0517124510,Computer Engineering,LOPENO,99878,67.8210479,Stage I,2025-26,1,97
05171,"Godavari Foundation'S Godavari College Of Engineering, Jalgaon",Jalgaon,Un-Aided,Non-Autonomous,"Kavayitri Bahinabai Chaudhari North Maharashtra University, Jalgaon","Kavayitri Bahinabai Chaudhari North Maharashtra University, Jalgaon",0517124510,Computer Engineering,LOBCO,129414,54.1537389,Stage I,2025-26,1,97
05171,"Godavari Foundation'S Godavari College Of Engineering, Jalgaon",Jalgaon,Un-Aided,Non-Autonomous,"Kavayitri Bahinabai Chaudhari North Maharashtra University, Jalgaon","Kavayitri Bahinabai Chaudhari North Maharashtra University, Jalgaon",0517124510,Computer Engineering,LSEBCO,197026,7.8975079,Stage I,2025-26,1,97
05171,"Godavari Foundation'S Godavari College Of Engineering, Jalgaon",Jalgaon,Un-Aided,Non-Autonomous,"Kavayitri Bahinabai Chaudhari North Maharashtra University, Jalgaon","Kavayitri Bahinabai Chaudhari North Maharashtra University, Jalgaon",0517124510,Computer Engineering,GSCO,170363,29.8059527,Stage I,2025-26,1,97
05171,"Godavari Foundation'S Godavari College Of Engineering, Jalgaon",Jalgaon,Un-Aided,Non-Autonomous,"Kavayitri Bahinabai Chaudhari North Maharashtra University, Jalgaon","Kavayitri Bahinabai Chaudhari North Maharashtra University, Jalgaon",0517124510,Computer Engineering,TFWS,101766,66.4263323,Stage I,2025-26,1,97
05171,"Godavari Foundation'S Godavari College Of Engineering, Jalgaon",Jalgaon,Un-Aided,Non-Autonomous,"Kavayitri Bahinabai Chaudhari North Maharashtra University, Jalgaon","Kavayitri Bahinabai Chaudhari North Maharashtra University, Jalgaon",0517124510,Computer Engineering,EWS,197906,7.1465923,Stage I,2025-26,1,97
05171,"Godavari Foundation'S Godavari College Of Engineering, Jalgaon",Jalgaon,Un-Aided,Non-Autonomous,"Kavayitri Bahinabai Chaudhari North Maharashtra University, Jalgaon","Kavayitri Bahinabai Chaudhari North Maharashtra University, Jalgaon",0517126310,Artificial Intelligence (Ai) And Data Science,GOPENH,110936,62.918458,Stage I,2025-26,1,98
05171,"Godavari Foundation'S Godavari College Of Engineering, Jalgaon",Jalgaon,Un-Aided,Non-Autonomous,"Kavayitri Bahinabai Chaudhari North Maharashtra University, Jalgaon","Kavayitri Bahinabai Chaudhari North Maharashtra University, Jalgaon",0517126310,Artificial Intelligence (Ai) And Data Science,GSCH,185039,19.0847282,Stage I,2025-26,1,98
05171,"Godavari Foundation'S Godavari College Of Engineering, Jalgaon",Jalgaon,Un-Aided,Non-Autonomous,"Kavayitri Bahinabai Chaudhari North Maharashtra University, Jalgaon","Kavayitri Bahinabai Chaudhari North Maharashtra University, Jalgaon",0517126310,Artificial Intelligence (Ai) And Data Science,GVJH,126307,55.6405756,Stage I,2025-26,1,98
05171,"Godavari Foundation'S Godavari College Of Engineering, Jalgaon",Jalgaon,Un-Aided,Non-Autonomous,"Kavayitri Bahinabai Chaudhari North Maharashtra University, Jalgaon","Kavayitri Bahinabai Chaudhari North Maharashtra University, Jalgaon",0517126310,Artificial Intelligence (Ai) And Data Science,GNT1H,146197,45.8266058,Stage I,2025-26,1,98
05171,"Godavari Foundation'S Godavari College Of Engineering, Jalgaon",Jalgaon,Un-Aided,Non-Autonomous,"Kavayitri Bahinabai Chaudhari North Maharashtra University, Jalgaon","Kavayitri Bahinabai Chaudhari North Maharashtra University, Jalgaon",0517126310,Artificial Intelligence (Ai) And Data Science,GNT2H,140792,48.5587427,Stage I,2025-26,1,98
05171,"Godavari Foundation'S Godavari College Of Engineering, Jalgaon",Jalgaon,Un-Aided,Non-Autonomous,"Kavayitri Bahinabai Chaudhari North Maharashtra University, Jalgaon","Kavayitri Bahinabai Chaudhari North Maharashtra University, Jalgaon",0517126310,Artificial Intelligence (Ai) And Data Science,GOBCH,116909,60.3213757,Stage I,2025-26,1,98
05171,"Godavari Foundation'S Godavari College Of Engineering, Jalgaon",Jalgaon,Un-Aided,Non-Autonomous,"Kavayitri Bahinabai Chaudhari North Maharashtra University, Jalgaon","Kavayitri Bahinabai Chaudhari North Maharashtra University, Jalgaon",0517126310,Artificial Intelligence (Ai) And Data Science,LOPENH,102105,66.3866132,Stage I,2025-26,1,98
05171,"Godavari Foundation'S Godavari College Of Engineering, Jalgaon",Jalgaon,Un-Aided,Non-Autonomous,"Kavayitri Bahinabai Chaudhari North Maharashtra University, Jalgaon","Kavayitri Bahinabai Chaudhari North Maharashtra University, Jalgaon",0517126310,Artificial Intelligence (Ai) And Data Science,LSCH,174555,26.7336064,Stage I,2025-26,1,98
05171,"Godavari Foundation'S Godavari College Of Engineering, Jalgaon",Jalgaon,Un-Aided,Non-Autonomous,"Kavayitri Bahinabai Chaudhari North Maharashtra University, Jalgaon","Kavayitri Bahinabai Chaudhari North Maharashtra University, Jalgaon",0517126310,Artificial Intelligence (Ai) And Data Science,LVJH,184804,19.1697794,Stage I,2025-26,1,98
05171,"Godavari Foundation'S Godavari College Of Engineering, Jalgaon",Jalgaon,Un-Aided,Non-Autonomous,"Kavayitri Bahinabai Chaudhari North Maharashtra University, Jalgaon","Kavayitri Bahinabai Chaudhari North Maharashtra University, Jalgaon",0517126310,Artificial Intelligence (Ai) And Data Science,LOBCH,115195,60.8775137,Stage I,2025-26,1,98
05171,"Godavari Foundation'S Godavari College Of Engineering, Jalgaon",Jalgaon,Un-Aided,Non-Autonomous,"Kavayitri Bahinabai Chaudhari North Maharashtra University, Jalgaon","Kavayitri Bahinabai Chaudhari North Maharashtra University, Jalgaon",0517126310,Artificial Intelligence (Ai) And Data Science,PWDOPENH,195346,9.6906054,Stage I,2025-26,1,98
05171,"Godavari Foundation'S Godavari College Of Engineering, Jalgaon",Jalgaon,Un-Aided,Non-Autonomous,"Kavayitri Bahinabai Chaudhari North Maharashtra University, Jalgaon","Kavayitri Bahinabai Chaudhari North Maharashtra University, Jalgaon",0517126310,Artificial Intelligence (Ai) And Data Science,GOPENO,133792,52.1817116,Stage I,2025-26,1,98
05171,"Godavari Foundation'S Godavari College Of Engineering, Jalgaon",Jalgaon,Un-Aided,Non-Autonomous,"Kavayitri Bahinabai Chaudhari North Maharashtra University, Jalgaon","Kavayitri Bahinabai Chaudhari North Maharashtra University, Jalgaon",0517126310,Artificial Intelligence (Ai) And Data Science,GSCO,173811,28.3031822,Stage I,2025-26,1,98
05171,"Godavari Foundation'S Godavari College Of Engineering, Jalgaon",Jalgaon,Un-Aided,Non-Autonomous,"Kavayitri Bahinabai Chaudhari North Maharashtra University, Jalgaon","Kavayitri Bahinabai Chaudhari North Maharashtra University, Jalgaon",0517126310,Artificial Intelligence (Ai) And Data Science,GNT3O,145783,45.9245973,Stage I,2025-26,1,98
05171,"Godavari Foundation'S Godavari College Of Engineering, Jalgaon",Jalgaon,Un-Aided,Non-Autonomous,"Kavayitri Bahinabai Chaudhari North Maharashtra University, Jalgaon","Kavayitri Bahinabai Chaudhari North Maharashtra University, Jalgaon",0517126310,Artificial Intelligence (Ai) And Data Science,GOBCO,136038,50.8281802,Stage I,2025-26,1,98
05171,"Godavari Foundation'S Godavari College Of Engineering, Jalgaon",Jalgaon,Un-Aided,Non-Autonomous,"Kavayitri Bahinabai Chaudhari North Maharashtra University, Jalgaon","Kavayitri Bahinabai Chaudhari North Maharashtra University, Jalgaon",0517126310,Artificial Intelligence (Ai) And Data Science,GSEBCO,165990,32.5553935,Stage I,2025-26,1,98
05171,"Godavari Foundation'S Godavari College Of Engineering, Jalgaon",Jalgaon,Un-Aided,Non-Autonomous,"Kavayitri Bahinabai Chaudhari North Maharashtra University, Jalgaon","Kavayitri Bahinabai Chaudhari North Maharashtra University, Jalgaon",0517126310,Artificial Intelligence (Ai) And Data Science,LOPENO,117187,60.3213757,Stage I,2025-26,1,98
05171,"Godavari Foundation'S Godavari College Of Engineering, Jalgaon",Jalgaon,Un-Aided,Non-Autonomous,"Kavayitri Bahinabai Chaudhari North Maharashtra University, Jalgaon","Kavayitri Bahinabai Chaudhari North Maharashtra University, Jalgaon",0517126310,Artificial Intelligence (Ai) And Data Science,GNT2O,177042,25.2088452,Stage I,2025-26,1,98
05171,"Godavari Foundation'S Godavari College Of Engineering, Jalgaon",Jalgaon,Un-Aided,Non-Autonomous,"Kavayitri Bahinabai Chaudhari North Maharashtra University, Jalgaon","Kavayitri Bahinabai Chaudhari North Maharashtra University, Jalgaon",0517126310,Artificial Intelligence (Ai) And Data Science,LSCO,180198,22.4248107,Stage I,2025-26,1,98
05171,"Godavari Foundation'S Godavari College Of Engineering, Jalgaon",Jalgaon,Un-Aided,Non-Autonomous,"Kavayitri Bahinabai Chaudhari North Maharashtra University, Jalgaon","Kavayitri Bahinabai Chaudhari North Maharashtra University, Jalgaon",0517126310,Artificial Intelligence (Ai) And Data Science,TFWS,81536,74.5404987,Stage I,2025-26,1,98
05171,"Godavari Foundation'S Godavari College Of Engineering, Jalgaon",Jalgaon,Un-Aided,Non-Autonomous,"Kavayitri Bahinabai Chaudhari North Maharashtra University, Jalgaon","Kavayitri Bahinabai Chaudhari North Maharashtra University, Jalgaon",0517126310,Artificial Intelligence (Ai) And Data Science,EWS,183107,20.6428039,Stage I,2025-26,1,98
05171,"Godavari Foundation'S Godavari College Of Engineering, Jalgaon",Jalgaon,Un-Aided,Non-Autonomous,"Kavayitri Bahinabai Chaudhari North Maharashtra University, Jalgaon","Kavayitri Bahinabai Chaudhari North Maharashtra University, Jalgaon",0517129310,Electrical Engineering,GOPENH,174020,28.2789485,Stage I,2025-26,1,99
05171,"Godavari Foundation'S Godavari College Of Engineering, Jalgaon",Jalgaon,Un-Aided,Non-Autonomous,"Kavayitri Bahinabai Chaudhari North Maharashtra University, Jalgaon","Kavayitri Bahinabai Chaudhari North Maharashtra University, Jalgaon",0517129310,Electrical Engineering,GNT1H,191785,13.2656066,Stage I,2025-26,1,99
05171,"Godavari Foundation'S Godavari College Of Engineering, Jalgaon",Jalgaon,Un-Aided,Non-Autonomous,"Kavayitri Bahinabai Chaudhari North Maharashtra University, Jalgaon","Kavayitri Bahinabai Chaudhari North Maharashtra University, Jalgaon",0517129310,Electrical Engineering,GOBCH,179741,22.8933117,Stage I,2025-26,1,99
05171,"Godavari Foundation'S Godavari College Of Engineering, Jalgaon",Jalgaon,Un-Aided,Non-Autonomous,"Kavayitri Bahinabai Chaudhari North Maharashtra University, Jalgaon","Kavayitri Bahinabai Chaudhari North Maharashtra University, Jalgaon",0517129310,Electrical Engineering,LOPENH,155817,39.6653303,Stage I,2025-26,1,99
05171,"Godavari Foundation'S Godavari College Of Engineering, Jalgaon",Jalgaon,Un-Aided,Non-Autonomous,"Kavayitri Bahinabai Chaudhari North Maharashtra University, Jalgaon","Kavayitri Bahinabai Chaudhari North Maharashtra University, Jalgaon",0517129310,Electrical Engineering,LOBCH,192632,12.3781915,Stage I,2025-26,1,99
05171,"Godavari Foundation'S Godavari College Of Engineering, Jalgaon",Jalgaon,Un-Aided,Non-Autonomous,"Kavayitri Bahinabai Chaudhari North Maharashtra University, Jalgaon","Kavayitri Bahinabai Chaudhari North Maharashtra University, Jalgaon",0517129310,Electrical Engineering,GOPENO,168786,31.9280223,Stage I,2025-26,1,99
05171,"Godavari Foundation'S Godavari College Of Engineering, Jalgaon",Jalgaon,Un-Aided,Non-Autonomous,"Kavayitri Bahinabai Chaudhari North Maharashtra University, Jalgaon","Kavayitri Bahinabai Chaudhari North Maharashtra University, Jalgaon",0517129310,Electrical Engineering,GOBCO,172388,28.8537986,Stage I,2025-26,1,99
05171,"Godavari Foundation'S Godavari College Of Engineering, Jalgaon",Jalgaon,Un-Aided,Non-Autonomous,"Kavayitri Bahinabai Chaudhari North Maharashtra University, Jalgaon","Kavayitri Bahinabai Chaudhari North Maharashtra University, Jalgaon",0517129310,Electrical Engineering,LOPENO,168114,32.0884521,Stage I,2025-26,1,99
05171,"Godavari Foundation'S Godavari College Of Engineering, Jalgaon",Jalgaon,Un-Aided,Non-Autonomous,"Kavayitri Bahinabai Chaudhari North Maharashtra University, Jalgaon","Kavayitri Bahinabai Chaudhari North Maharashtra University, Jalgaon",0517129310,Electrical Engineering,LOBCO,189907,14.9055715,Stage I,2025-26,1,99
05171,"Godavari Foundation'S Godavari College Of Engineering, Jalgaon",Jalgaon,Un-Aided,Non-Autonomous,"Kavayitri Bahinabai Chaudhari North Maharashtra University, Jalgaon","Kavayitri Bahinabai Chaudhari North Maharashtra University, Jalgaon",0517137210,Electronics And Telecommunication Engg,GOPENH,143128,47.13962,Stage I,2025-26,1,100
05171,"Godavari Foundation'S Godavari College Of Engineering, Jalgaon",Jalgaon,Un-Aided,Non-Autonomous,"Kavayitri Bahinabai Chaudhari North Maharashtra University, Jalgaon","Kavayitri Bahinabai Chaudhari North Maharashtra University, Jalgaon",0517137210,Electronics And Telecommunication Engg,GSCH,165903,32.6791073,Stage I,2025-26,1,100
05171,"Godavari Foundation'S Godavari College Of Engineering, Jalgaon",Jalgaon,Un-Aided,Non-Autonomous,"Kavayitri Bahinabai Chaudhari North Maharashtra University, Jalgaon","Kavayitri Bahinabai Chaudhari North Maharashtra University, Jalgaon",0517137210,Electronics And Telecommunication Engg,GVJH,183690,19.8246656,Stage I,2025-26,1,100
05171,"Godavari Foundation'S Godavari College Of Engineering, Jalgaon",Jalgaon,Un-Aided,Non-Autonomous,"Kavayitri Bahinabai Chaudhari North Maharashtra University, Jalgaon","Kavayitri Bahinabai Chaudhari North Maharashtra University, Jalgaon",0517137210,Electronics And Telecommunication Engg,GNT2H,185504,18.6473767,Stage I,2025-26,1,100
05171,"Godavari Foundation'S Godavari College Of Engineering, Jalgaon",Jalgaon,Un-Aided,Non-Autonomous,"Kavayitri Bahinabai Chaudhari North Maharashtra University, Jalgaon","Kavayitri Bahinabai Chaudhari North Maharashtra University, Jalgaon",0517137210,Electronics And Telecommunication Engg,GOBCH,146258,45.8266058,Stage I,2025-26,1,100
05171,"Godavari Foundation'S Godavari College Of Engineering, Jalgaon",Jalgaon,Un-Aided,Non-Autonomous,"Kavayitri Bahinabai Chaudhari North Maharashtra University, Jalgaon","Kavayitri Bahinabai Chaudhari North Maharashtra University, Jalgaon",0517137210,Electronics And Telecommunication Engg,LOPENH,125849,55.9381337,Stage I,2025-26,1,100
05171,"Godavari Foundation'S Godavari College Of Engineering, Jalgaon",Jalgaon,Un-Aided,Non-Autonomous,"Kavayitri Bahinabai Chaudhari North Maharashtra University, Jalgaon","Kavayitri Bahinabai Chaudhari North Maharashtra University, Jalgaon",0517137210,Electronics And Telecommunication Engg,LSCH,177720,24.9543245,Stage I,2025-26,1,100
05171,"Godavari Foundation'S Godavari College Of Engineering, Jalgaon",Jalgaon,Un-Aided,Non-Autonomous,"Kavayitri Bahinabai Chaudhari North Maharashtra University, Jalgaon","Kavayitri Bahinabai Chaudhari North Maharashtra University, Jalgaon",0517137210,Electronics And Telecommunication Engg,LNT1H,174685,26.7336064,Stage I,2025-26,1,100
05171,"Godavari Foundation'S Godavari College Of Engineering, Jalgaon",Jalgaon,Un-Aided,Non-Autonomous,"Kavayitri Bahinabai Chaudhari North Maharashtra University, Jalgaon","Kavayitri Bahinabai Chaudhari North Maharashtra University, Jalgaon",0517137210,Electronics And Telecommunication Engg,LOBCH,130011,54.0903901,Stage I,2025-26,1,100
05171,"Godavari Foundation'S Godavari College Of Engineering, Jalgaon",Jalgaon,Un-Aided,Non-Autonomous,"Kavayitri Bahinabai Chaudhari North Maharashtra University, Jalgaon","Kavayitri Bahinabai Chaudhari North Maharashtra University, Jalgaon",0517137210,Electronics And Telecommunication Engg,GNT3H,186879,17.6786167,Stage I,2025-26,1,100
05171,"Godavari Foundation'S Godavari College Of Engineering, Jalgaon",Jalgaon,Un-Aided,Non-Autonomous,"Kavayitri Bahinabai Chaudhari North Maharashtra University, Jalgaon","Kavayitri Bahinabai Chaudhari North Maharashtra University, Jalgaon",0517137210,Electronics And Telecommunication Engg,GOPENO,163558,35.4407253,Stage I,2025-26,1,100
05171,"Godavari Foundation'S Godavari College Of Engineering, Jalgaon",Jalgaon,Un-Aided,Non-Autonomous,"Kavayitri Bahinabai Chaudhari North Maharashtra University, Jalgaon","Kavayitri Bahinabai Chaudhari North Maharashtra University, Jalgaon",0517137210,Electronics And Telecommunication Engg,GOBCO,170058,30.26063,Stage I,2025-26,1,100
05171,"Godavari Foundation'S Godavari College Of Engineering, Jalgaon",Jalgaon,Un-Aided,Non-Autonomous,"Kavayitri Bahinabai Chaudhari North Maharashtra University, Jalgaon","Kavayitri Bahinabai Chaudhari North Maharashtra University, Jalgaon",0517137210,Electronics And Telecommunication Engg,LOPENO,154896,40.0432529,Stage I,2025-26,1,100
05171,"Godavari Foundation'S Godavari College Of Engineering, Jalgaon",Jalgaon,Un-Aided,Non-Autonomous,"Kavayitri Bahinabai Chaudhari North Maharashtra University, Jalgaon","Kavayitri Bahinabai Chaudhari North Maharashtra University, Jalgaon",0517137210,Electronics And Telecommunication Engg,GSCO,202518,1.8042145,Stage I,2025-26,1,100
05171,"Godavari Foundation'S Godavari College Of Engineering, Jalgaon",Jalgaon,Un-Aided,Non-Autonomous,"Kavayitri Bahinabai Chaudhari North Maharashtra University, Jalgaon","Kavayitri Bahinabai Chaudhari North Maharashtra University, Jalgaon",0517137210,Electronics And Telecommunication Engg,TFWS,113076,61.796967,Stage I,2025-26,1,100
05171,"Godavari Foundation'S Godavari College Of Engineering, Jalgaon",Jalgaon,Un-Aided,Non-Autonomous,"Kavayitri Bahinabai Chaudhari North Maharashtra University, Jalgaon","Kavayitri Bahinabai Chaudhari North Maharashtra University, Jalgaon",0517137210,Electronics And Telecommunication Engg,EWS,159955,36.5248856,Stage I,2025-26,1,100
05171,"Godavari Foundation'S Godavari College Of Engineering, Jalgaon",Jalgaon,Un-Aided,Non-Autonomous,"Kavayitri Bahinabai Chaudhari North Maharashtra University, Jalgaon","Kavayitri Bahinabai Chaudhari North Maharashtra University, Jalgaon",0517161210,Mechanical Engineering,GOPENH,174038,28.2789485,Stage I,2025-26,1,101
05171,"Godavari Foundation'S Godavari College Of Engineering, Jalgaon",Jalgaon,Un-Aided,Non-Autonomous,"Kavayitri Bahinabai Chaudhari North Maharashtra University, Jalgaon","Kavayitri Bahinabai Chaudhari North Maharashtra University, Jalgaon",0517161210,Mechanical Engineering,GOBCH,177358,25.0722391,Stage I,2025-26,1,101
05171,"Godavari Foundation'S Godavari College Of Engineering, Jalgaon",Jalgaon,Un-Aided,Non-Autonomous,"Kavayitri Bahinabai Chaudhari North Maharashtra University, Jalgaon","Kavayitri Bahinabai Chaudhari North Maharashtra University, Jalgaon",0517161210,Mechanical Engineering,LOPENH,203502,0.3697666,Stage I,2025-26,1,101
05171,"Godavari Foundation'S Godavari College Of Engineering, Jalgaon",Jalgaon,Un-Aided,Non-Autonomous,"Kavayitri Bahinabai Chaudhari North Maharashtra University, Jalgaon","Kavayitri Bahinabai Chaudhari North Maharashtra University, Jalgaon",0517161210,Mechanical Engineering,LOBCH,182005,21.6174291,Stage II,2025-26,1,101
05171,"Godavari Foundation'S Godavari College Of Engineering, Jalgaon",Jalgaon,Un-Aided,Non-Autonomous,"Kavayitri Bahinabai Chaudhari North Maharashtra University, Jalgaon","Kavayitri Bahinabai Chaudhari North Maharashtra University, Jalgaon",0517161210,Mechanical Engineering,GOPENO,182532,21.540875,Stage I,2025-26,1,101
05171,"Godavari Foundation'S Godavari College Of Engineering, Jalgaon",Jalgaon,Un-Aided,Non-Autonomous,"Kavayitri Bahinabai Chaudhari North Maharashtra University, Jalgaon","Kavayitri Bahinabai Chaudhari North Maharashtra University, Jalgaon",0517161210,Mechanical Engineering,GOBCO,198264,6.6801689,Stage I,2025-26,1,101
05171,"Godavari Foundation'S Godavari College Of Engineering, Jalgaon",Jalgaon,Un-Aided,Non-Autonomous,"Kavayitri Bahinabai Chaudhari North Maharashtra University, Jalgaon","Kavayitri Bahinabai Chaudhari North Maharashtra University, Jalgaon",0517161210,Mechanical Engineering,LOBCO,203549,0.308631,Stage II,2025-26,1,101
05171,"Godavari Foundation'S Godavari College Of Engineering, Jalgaon",Jalgaon,Un-Aided,Non-Autonomous,"Kavayitri Bahinabai Chaudhari North Maharashtra University, Jalgaon","Kavayitri Bahinabai Chaudhari North Maharashtra University, Jalgaon",0517161210,Mechanical Engineering,GNT1O,200813,3.8667565,Stage I,2025-26,1,101
05171,"Godavari Foundation'S Godavari College Of Engineering, Jalgaon",Jalgaon,Un-Aided,Non-Autonomous,"Kavayitri Bahinabai Chaudhari North Maharashtra University, Jalgaon","Kavayitri Bahinabai Chaudhari North Maharashtra University, Jalgaon",0517161210,Mechanical Engineering,GNT2O,181846,21.6174291,Stage I,2025-26,1,101
05171,"Godavari Foundation'S Godavari College Of Engineering, Jalgaon",Jalgaon,Un-Aided,Non-Autonomous,"Kavayitri Bahinabai Chaudhari North Maharashtra University, Jalgaon","Kavayitri Bahinabai Chaudhari North Maharashtra University, Jalgaon",0517161210,Mechanical Engineering,LOPENO,186581,17.7120141,Stage I,2025-26,1,101
05171,"Godavari Foundation'S Godavari College Of Engineering, Jalgaon",Jalgaon,Un-Aided,Non-Autonomous,"Kavayitri Bahinabai Chaudhari North Maharashtra University, Jalgaon","Kavayitri Bahinabai Chaudhari North Maharashtra University, Jalgaon",0517161210,Mechanical Engineering,LVJO,194020,11.0553814,Stage I,2025-26,1,101
05249,"Trimurti Shikshan Prasarak Mandal, Trimurti Institute Of Technology, Paladhi Bk, Jalgaon",Jalgaon,Un-Aided,Non-Autonomous,"Kavayitri Bahinabai Chaudhari North Maharashtra University, Jalgaon","Kavayitri Bahinabai Chaudhari North Maharashtra University, Jalgaon",0524919110,Civil Engineering,GOPENH,182826,21.3037657,Stage I,2025-26,1,137
05249,"Trimurti Shikshan Prasarak Mandal, Trimurti Institute Of Technology, Paladhi Bk, Jalgaon",Jalgaon,Un-Aided,Non-Autonomous,"Kavayitri Bahinabai Chaudhari North Maharashtra University, Jalgaon","Kavayitri Bahinabai Chaudhari North Maharashtra University, Jalgaon",0524919110,Civil Engineering,LOPENH,200247,4.5,Stage I,2025-26,1,137
05249,"Trimurti Shikshan Prasarak Mandal, Trimurti Institute Of Technology, Paladhi Bk, Jalgaon",Jalgaon,Un-Aided,Non-Autonomous,"Kavayitri Bahinabai Chaudhari North Maharashtra University, Jalgaon","Kavayitri Bahinabai Chaudhari North Maharashtra University, Jalgaon",0524919110,Civil Engineering,LNT2H,187427,16.6909773,Stage I,2025-26,1,137
05249,"Trimurti Shikshan Prasarak Mandal, Trimurti Institute Of Technology, Paladhi Bk, Jalgaon",Jalgaon,Un-Aided,Non-Autonomous,"Kavayitri Bahinabai Chaudhari North Maharashtra University, Jalgaon","Kavayitri Bahinabai Chaudhari North Maharashtra University, Jalgaon",0524919110,Civil Engineering,GOPENO,161646,36.0836122,Stage I,2025-26,1,137
05249,"Trimurti Shikshan Prasarak Mandal, Trimurti Institute Of Technology, Paladhi Bk, Jalgaon",Jalgaon,Un-Aided,Non-Autonomous,"Kavayitri Bahinabai Chaudhari North Maharashtra University, Jalgaon","Kavayitri Bahinabai Chaudhari North Maharashtra University, Jalgaon",0524919110,Civil Engineering,LOPENO,98258,68.2382408,Stage I,2025-26,1,137
05249,"Trimurti Shikshan Prasarak Mandal, Trimurti Institute Of Technology, Paladhi Bk, Jalgaon",Jalgaon,Un-Aided,Non-Autonomous,"Kavayitri Bahinabai Chaudhari North Maharashtra University, Jalgaon","Kavayitri Bahinabai Chaudhari North Maharashtra University, Jalgaon",0524919110,Civil Engineering,TFWS,181636,22.0346747,Stage I,2025-26,1,137
05249,"Trimurti Shikshan Prasarak Mandal, Trimurti Institute Of Technology, Paladhi Bk, Jalgaon",Jalgaon,Un-Aided,Non-Autonomous,"Kavayitri Bahinabai Chaudhari North Maharashtra University, Jalgaon","Kavayitri Bahinabai Chaudhari North Maharashtra University, Jalgaon",0524924510,Computer Engineering,GOPENH,153223,41.4458186,Stage I,2025-26,1,138
05249,"Trimurti Shikshan Prasarak Mandal, Trimurti Institute Of Technology, Paladhi Bk, Jalgaon",Jalgaon,Un-Aided,Non-Autonomous,"Kavayitri Bahinabai Chaudhari North Maharashtra University, Jalgaon","Kavayitri Bahinabai Chaudhari North Maharashtra University, Jalgaon",0524924510,Computer Engineering,GSCH,156834,39.3601986,Stage I,2025-26,1,138
05249,"Trimurti Shikshan Prasarak Mandal, Trimurti Institute Of Technology, Paladhi Bk, Jalgaon",Jalgaon,Un-Aided,Non-Autonomous,"Kavayitri Bahinabai Chaudhari North Maharashtra University, Jalgaon","Kavayitri Bahinabai Chaudhari North Maharashtra University, Jalgaon",0524924510,Computer Engineering,GNT1H,199193,5.7122954,Stage I,2025-26,1,138
05249,"Trimurti Shikshan Prasarak Mandal, Trimurti Institute Of Technology, Paladhi Bk, Jalgaon",Jalgaon,Un-Aided,Non-Autonomous,"Kavayitri Bahinabai Chaudhari North Maharashtra University, Jalgaon","Kavayitri Bahinabai Chaudhari North Maharashtra University, Jalgaon",0524924510,Computer Engineering,GNT2H,165020,33.465035,Stage I,2025-26,1,138
05249,"Trimurti Shikshan Prasarak Mandal, Trimurti Institute Of Technology, Paladhi Bk, Jalgaon",Jalgaon,Un-Aided,Non-Autonomous,"Kavayitri Bahinabai Chaudhari North Maharashtra University, Jalgaon","Kavayitri Bahinabai Chaudhari North Maharashtra University, Jalgaon",0524924510,Computer Engineering,GOBCH,164462,34.896751,Stage I,2025-26,1,138
05249,"Trimurti Shikshan Prasarak Mandal, Trimurti Institute Of Technology, Paladhi Bk, Jalgaon",Jalgaon,Un-Aided,Non-Autonomous,"Kavayitri Bahinabai Chaudhari North Maharashtra University, Jalgaon","Kavayitri Bahinabai Chaudhari North Maharashtra University, Jalgaon",0524924510,Computer Engineering,LOPENH,149925,43.4652257,Stage I,2025-26,1,138
05249,"Trimurti Shikshan Prasarak Mandal, Trimurti Institute Of Technology, Paladhi Bk, Jalgaon",Jalgaon,Un-Aided,Non-Autonomous,"Kavayitri Bahinabai Chaudhari North Maharashtra University, Jalgaon","Kavayitri Bahinabai Chaudhari North Maharashtra University, Jalgaon",0524924510,Computer Engineering,LOBCH,152470,42.2674623,Stage I,2025-26,1,138
05249,"Trimurti Shikshan Prasarak Mandal, Trimurti Institute Of Technology, Paladhi Bk, Jalgaon",Jalgaon,Un-Aided,Non-Autonomous,"Kavayitri Bahinabai Chaudhari North Maharashtra University, Jalgaon","Kavayitri Bahinabai Chaudhari North Maharashtra University, Jalgaon",0524924510,Computer Engineering,GOPENO,170397,29.5314685,Stage I,2025-26,1,138
05249,"Trimurti Shikshan Prasarak Mandal, Trimurti Institute Of Technology, Paladhi Bk, Jalgaon",Jalgaon,Un-Aided,Non-Autonomous,"Kavayitri Bahinabai Chaudhari North Maharashtra University, Jalgaon","Kavayitri Bahinabai Chaudhari North Maharashtra University, Jalgaon",0524924510,Computer Engineering,GSCO,195372,9.6906054,Stage I,2025-26,1,138
05249,"Trimurti Shikshan Prasarak Mandal, Trimurti Institute Of Technology, Paladhi Bk, Jalgaon",Jalgaon,Un-Aided,Non-Autonomous,"Kavayitri Bahinabai Chaudhari North Maharashtra University, Jalgaon","Kavayitri Bahinabai Chaudhari North Maharashtra University, Jalgaon",0524924510,Computer Engineering,LOPENO,147194,45.2322221,Stage I,2025-26,1,138
05249,"Trimurti Shikshan Prasarak Mandal, Trimurti Institute Of Technology, Paladhi Bk, Jalgaon",Jalgaon,Un-Aided,Non-Autonomous,"Kavayitri Bahinabai Chaudhari North Maharashtra University, Jalgaon","Kavayitri Bahinabai Chaudhari North Maharashtra University, Jalgaon",0524924510,Computer Engineering,LOBCO,152329,42.2674623,Stage I,2025-26,1,138
05249,"Trimurti Shikshan Prasarak Mandal, Trimurti Institute Of Technology, Paladhi Bk, Jalgaon",Jalgaon,Un-Aided,Non-Autonomous,"Kavayitri Bahinabai Chaudhari North Maharashtra University, Jalgaon","Kavayitri Bahinabai Chaudhari North Maharashtra University, Jalgaon",0524924510,Computer Engineering,GOBCO,156224,39.5742169,Stage I,2025-26,1,138
05249,"Trimurti Shikshan Prasarak Mandal, Trimurti Institute Of Technology, Paladhi Bk, Jalgaon",Jalgaon,Un-Aided,Non-Autonomous,"Kavayitri Bahinabai Chaudhari North Maharashtra University, Jalgaon","Kavayitri Bahinabai Chaudhari North Maharashtra University, Jalgaon",0524929310,Electrical Engineering,GOPENH,201338,3.2027737,Stage I,2025-26,1,138
05249,"Trimurti Shikshan Prasarak Mandal, Trimurti Institute Of Technology, Paladhi Bk, Jalgaon",Jalgaon,Un-Aided,Non-Autonomous,"Kavayitri Bahinabai Chaudhari North Maharashtra University, Jalgaon","Kavayitri Bahinabai Chaudhari North Maharashtra University, Jalgaon",0524929310,Electrical Engineering,LOPENH,194052,10.8694881,Stage I,2025-26,1,138
05249,"Trimurti Shikshan Prasarak Mandal, Trimurti Institute Of Technology, Paladhi Bk, Jalgaon",Jalgaon,Un-Aided,Non-Autonomous,"Kavayitri Bahinabai Chaudhari North Maharashtra University, Jalgaon","Kavayitri Bahinabai Chaudhari North Maharashtra University, Jalgaon",0524961210,Mechanical Engineering,LOPENH,185702,18.5475444,Stage I,2025-26,1,139
05249,"Trimurti Shikshan Prasarak Mandal, Trimurti Institute Of Technology, Paladhi Bk, Jalgaon",Jalgaon,Un-Aided,Non-Autonomous,"Kavayitri Bahinabai Chaudhari North Maharashtra University, Jalgaon","Kavayitri Bahinabai Chaudhari North Maharashtra University, Jalgaon",0524961210,Mechanical Engineering,TFWS,190683,13.9509479,Stage I,2025-26,1,139
05249,"Trimurti Shikshan Prasarak Mandal, Trimurti Institute Of Technology, Paladhi Bk, Jalgaon",Jalgaon,Un-Aided,Non-Autonomous,"Kavayitri Bahinabai Chaudhari North Maharashtra University, Jalgaon","Kavayitri Bahinabai Chaudhari North Maharashtra University, Jalgaon",0524961210,Mechanical Engineering,EWS,191059,13.6137728,Stage I,2025-26,1,139
05396,"College Of Engineering And Technology ,North Maharashtra Knowledge City, Jalgaon",Jalgaon,Un-Aided,Non-Autonomous,"Kavayitri Bahinabai Chaudhari North Maharashtra University, Jalgaon","Kavayitri Bahinabai Chaudhari North Maharashtra University, Jalgaon",0539619110,Civil Engineering,GOPENH,150050,43.4652257,Stage I,2025-26,1,197
05396,"College Of Engineering And Technology ,North Maharashtra Knowledge City, Jalgaon",Jalgaon,Un-Aided,Non-Autonomous,"Kavayitri Bahinabai Chaudhari North Maharashtra University, Jalgaon","Kavayitri Bahinabai Chaudhari North Maharashtra University, Jalgaon",0539619110,Civil Engineering,GSCH,197684,7.2413793,Stage I,2025-26,1,197
05396,"College Of Engineering And Technology ,North Maharashtra Knowledge City, Jalgaon",Jalgaon,Un-Aided,Non-Autonomous,"Kavayitri Bahinabai Chaudhari North Maharashtra University, Jalgaon","Kavayitri Bahinabai Chaudhari North Maharashtra University, Jalgaon",0539619110,Civil Engineering,GSTH,196444,8.672418,Stage I,2025-26,1,197
05396,"College Of Engineering And Technology ,North Maharashtra Knowledge City, Jalgaon",Jalgaon,Un-Aided,Non-Autonomous,"Kavayitri Bahinabai Chaudhari North Maharashtra University, Jalgaon","Kavayitri Bahinabai Chaudhari North Maharashtra University, Jalgaon",0539619110,Civil Engineering,GOBCH,167396,32.1650475,Stage I,2025-26,1,197
05396,"College Of Engineering And Technology ,North Maharashtra Knowledge City, Jalgaon",Jalgaon,Un-Aided,Non-Autonomous,"Kavayitri Bahinabai Chaudhari North Maharashtra University, Jalgaon","Kavayitri Bahinabai Chaudhari North Maharashtra University, Jalgaon",0539619110,Civil Engineering,LOPENH,175902,25.7272727,Stage I,2025-26,1,197
05396,"College Of Engineering And Technology ,North Maharashtra Knowledge City, Jalgaon",Jalgaon,Un-Aided,Non-Autonomous,"Kavayitri Bahinabai Chaudhari North Maharashtra University, Jalgaon","Kavayitri Bahinabai Chaudhari North Maharashtra University, Jalgaon",0539619110,Civil Engineering,LOBCH,197427,7.6100354,Stage I,2025-26,1,197
05396,"College Of Engineering And Technology ,North Maharashtra Knowledge City, Jalgaon",Jalgaon,Un-Aided,Non-Autonomous,"Kavayitri Bahinabai Chaudhari North Maharashtra University, Jalgaon","Kavayitri Bahinabai Chaudhari North Maharashtra University, Jalgaon",0539619110,Civil Engineering,GVJH,189731,15.1144829,Stage I,2025-26,1,197
05396,"College Of Engineering And Technology ,North Maharashtra Knowledge City, Jalgaon",Jalgaon,Un-Aided,Non-Autonomous,"Kavayitri Bahinabai Chaudhari North Maharashtra University, Jalgaon","Kavayitri Bahinabai Chaudhari North Maharashtra University, Jalgaon",0539619110,Civil Engineering,LOBCH,193482,11.4786688,Stage I,2025-26,1,197
05396,"College Of Engineering And Technology ,North Maharashtra Knowledge City, Jalgaon",Jalgaon,Un-Aided,Non-Autonomous,"Kavayitri Bahinabai Chaudhari North Maharashtra University, Jalgaon","Kavayitri Bahinabai Chaudhari North Maharashtra University, Jalgaon",0539619110,Civil Engineering,GOPENO,175221,25.9873754,Stage I,2025-26,1,197
05396,"College Of Engineering And Technology ,North Maharashtra Knowledge City, Jalgaon",Jalgaon,Un-Aided,Non-Autonomous,"Kavayitri Bahinabai Chaudhari North Maharashtra University, Jalgaon","Kavayitri Bahinabai Chaudhari North Maharashtra University, Jalgaon",0539619110,Civil Engineering,GOBCO,186789,17.6786167,Stage I,2025-26,1,197
05396,"College Of Engineering And Technology ,North Maharashtra Knowledge City, Jalgaon",Jalgaon,Un-Aided,Non-Autonomous,"Kavayitri Bahinabai Chaudhari North Maharashtra University, Jalgaon","Kavayitri Bahinabai Chaudhari North Maharashtra University, Jalgaon",0539619110,Civil Engineering,LOPENO,131504,53.2657343,Stage I,2025-26,1,197
05396,"College Of Engineering And Technology ,North Maharashtra Knowledge City, Jalgaon",Jalgaon,Un-Aided,Non-Autonomous,"Kavayitri Bahinabai Chaudhari North Maharashtra University, Jalgaon","Kavayitri Bahinabai Chaudhari North Maharashtra University, Jalgaon",0539619110,Civil Engineering,LSTO,186352,18.1456181,Stage I,2025-26,1,197
05396,"College Of Engineering And Technology ,North Maharashtra Knowledge City, Jalgaon",Jalgaon,Un-Aided,Non-Autonomous,"Kavayitri Bahinabai Chaudhari North Maharashtra University, Jalgaon","Kavayitri Bahinabai Chaudhari North Maharashtra University, Jalgaon",0539624510,Computer Engineering,GOPENH,103680,65.8992965,Stage I,2025-26,1,198
05396,"College Of Engineering And Technology ,North Maharashtra Knowledge City, Jalgaon",Jalgaon,Un-Aided,Non-Autonomous,"Kavayitri Bahinabai Chaudhari North Maharashtra University, Jalgaon","Kavayitri Bahinabai Chaudhari North Maharashtra University, Jalgaon",0539624510,Computer Engineering,GSCH,103682,65.8992965,Stage I,2025-26,1,198
05396,"College Of Engineering And Technology ,North Maharashtra Knowledge City, Jalgaon",Jalgaon,Un-Aided,Non-Autonomous,"Kavayitri Bahinabai Chaudhari North Maharashtra University, Jalgaon","Kavayitri Bahinabai Chaudhari North Maharashtra University, Jalgaon",0539624510,Computer Engineering,GNT1H,157619,39.2328654,Stage I,2025-26,1,198
05396,"College Of Engineering And Technology ,North Maharashtra Knowledge City, Jalgaon",Jalgaon,Un-Aided,Non-Autonomous,"Kavayitri Bahinabai Chaudhari North Maharashtra University, Jalgaon","Kavayitri Bahinabai Chaudhari North Maharashtra University, Jalgaon",0539624510,Computer Engineering,GOBCH,122247,57.6249683,Stage I,2025-26,1,198
05396,"College Of Engineering And Technology ,North Maharashtra Knowledge City, Jalgaon",Jalgaon,Un-Aided,Non-Autonomous,"Kavayitri Bahinabai Chaudhari North Maharashtra University, Jalgaon","Kavayitri Bahinabai Chaudhari North Maharashtra University, Jalgaon",0539624510,Computer Engineering,GSEBCH,136468,50.7016833,Stage I,2025-26,1,198
05396,"College Of Engineering And Technology ,North Maharashtra Knowledge City, Jalgaon",Jalgaon,Un-Aided,Non-Autonomous,"Kavayitri Bahinabai Chaudhari North Maharashtra University, Jalgaon","Kavayitri Bahinabai Chaudhari North Maharashtra University, Jalgaon",0539624510,Computer Engineering,LOPENH,73225,77.1631566,Stage I,2025-26,1,198
05396,"College Of Engineering And Technology ,North Maharashtra Knowledge City, Jalgaon",Jalgaon,Un-Aided,Non-Autonomous,"Kavayitri Bahinabai Chaudhari North Maharashtra University, Jalgaon","Kavayitri Bahinabai Chaudhari North Maharashtra University, Jalgaon",0539624510,Computer Engineering,LSCH,143715,47.0502678,Stage I,2025-26,1,198
05396,"College Of Engineering And Technology ,North Maharashtra Knowledge City, Jalgaon",Jalgaon,Un-Aided,Non-Autonomous,"Kavayitri Bahinabai Chaudhari North Maharashtra University, Jalgaon","Kavayitri Bahinabai Chaudhari North Maharashtra University, Jalgaon",0539624510,Computer Engineering,LSEBCH,119961,58.8525307,Stage I,2025-26,1,198
05396,"College Of Engineering And Technology ,North Maharashtra Knowledge City, Jalgaon",Jalgaon,Un-Aided,Non-Autonomous,"Kavayitri Bahinabai Chaudhari North Maharashtra University, Jalgaon","Kavayitri Bahinabai Chaudhari North Maharashtra University, Jalgaon",0539624510,Computer Engineering,LVJH,163612,35.4407253,Stage II,2025-26,1,198
05396,"College Of Engineering And Technology ,North Maharashtra Knowledge City, Jalgaon",Jalgaon,Un-Aided,Non-Autonomous,"Kavayitri Bahinabai Chaudhari North Maharashtra University, Jalgaon","Kavayitri Bahinabai Chaudhari North Maharashtra University, Jalgaon",0539624510,Computer Engineering,GOPENO,123370,57.4017459,Stage I,2025-26,1,198
05396,"College Of Engineering And Technology ,North Maharashtra Knowledge City, Jalgaon",Jalgaon,Un-Aided,Non-Autonomous,"Kavayitri Bahinabai Chaudhari North Maharashtra University, Jalgaon","Kavayitri Bahinabai Chaudhari North Maharashtra University, Jalgaon",0539624510,Computer Engineering,LOPENO,124799,56.6213771,Stage I,2025-26,1,198
05396,"College Of Engineering And Technology ,North Maharashtra Knowledge City, Jalgaon",Jalgaon,Un-Aided,Non-Autonomous,"Kavayitri Bahinabai Chaudhari North Maharashtra University, Jalgaon","Kavayitri Bahinabai Chaudhari North Maharashtra University, Jalgaon",0539624510,Computer Engineering,LOBCO,125696,56.2929777,Stage I,2025-26,1,198
05396,"College Of Engineering And Technology ,North Maharashtra Knowledge City, Jalgaon",Jalgaon,Un-Aided,Non-Autonomous,"Kavayitri Bahinabai Chaudhari North Maharashtra University, Jalgaon","Kavayitri Bahinabai Chaudhari North Maharashtra University, Jalgaon",0539624510,Computer Engineering,GSCO,115842,60.634478,Stage I,2025-26,1,198
05396,"College Of Engineering And Technology ,North Maharashtra Knowledge City, Jalgaon",Jalgaon,Un-Aided,Non-Autonomous,"Kavayitri Bahinabai Chaudhari North Maharashtra University, Jalgaon","Kavayitri Bahinabai Chaudhari North Maharashtra University, Jalgaon",0539624510,Computer Engineering,LNT2O,196897,7.9877752,Stage I,2025-26,1,198
05396,"College Of Engineering And Technology ,North Maharashtra Knowledge City, Jalgaon",Jalgaon,Un-Aided,Non-Autonomous,"Kavayitri Bahinabai Chaudhari North Maharashtra University, Jalgaon","Kavayitri Bahinabai Chaudhari North Maharashtra University, Jalgaon",0539624510,Computer Engineering,TFWS,69065,78.6729363,Stage I,2025-26,1,198
05396,"College Of Engineering And Technology ,North Maharashtra Knowledge City, Jalgaon",Jalgaon,Un-Aided,Non-Autonomous,"Kavayitri Bahinabai Chaudhari North Maharashtra University, Jalgaon","Kavayitri Bahinabai Chaudhari North Maharashtra University, Jalgaon",0539624510,Computer Engineering,EWS,191197,13.4300699,Stage I,2025-26,1,198
05396,"College Of Engineering And Technology ,North Maharashtra Knowledge City, Jalgaon",Jalgaon,Un-Aided,Non-Autonomous,"Kavayitri Bahinabai Chaudhari North Maharashtra University, Jalgaon","Kavayitri Bahinabai Chaudhari North Maharashtra University, Jalgaon",0539629310,Electrical Engineering,GOPENH,186865,17.6786167,Stage I,2025-26,1,199
05396,"College Of Engineering And Technology ,North Maharashtra Knowledge City, Jalgaon",Jalgaon,Un-Aided,Non-Autonomous,"Kavayitri Bahinabai Chaudhari North Maharashtra University, Jalgaon","Kavayitri Bahinabai Chaudhari North Maharashtra University, Jalgaon",0539629310,Electrical Engineering,GOBCH,193574,11.4786688,Stage I,2025-26,1,199
05396,"College Of Engineering And Technology ,North Maharashtra Knowledge City, Jalgaon",Jalgaon,Un-Aided,Non-Autonomous,"Kavayitri Bahinabai Chaudhari North Maharashtra University, Jalgaon","Kavayitri Bahinabai Chaudhari North Maharashtra University, Jalgaon",0539629310,Electrical Engineering,LOPENH,165425,33.0802795,Stage I,2025-26,1,199
05396,"College Of Engineering And Technology ,North Maharashtra Knowledge City, Jalgaon",Jalgaon,Un-Aided,Non-Autonomous,"Kavayitri Bahinabai Chaudhari North Maharashtra University, Jalgaon","Kavayitri Bahinabai Chaudhari North Maharashtra University, Jalgaon",0539629310,Electrical Engineering,LOPENH,185376,18.9335664,Stage II,2025-26,1,199
05396,"College Of Engineering And Technology ,North Maharashtra Knowledge City, Jalgaon",Jalgaon,Un-Aided,Non-Autonomous,"Kavayitri Bahinabai Chaudhari North Maharashtra University, Jalgaon","Kavayitri Bahinabai Chaudhari North Maharashtra University, Jalgaon",0539629310,Electrical Engineering,LOBCH,198974,5.8085422,Stage II,2025-26,1,199
05396,"College Of Engineering And Technology ,North Maharashtra Knowledge City, Jalgaon",Jalgaon,Un-Aided,Non-Autonomous,"Kavayitri Bahinabai Chaudhari North Maharashtra University, Jalgaon","Kavayitri Bahinabai Chaudhari North Maharashtra University, Jalgaon",0539629310,Electrical Engineering,GOPENO,190487,14.0716041,Stage I,2025-26,1,199
05396,"College Of Engineering And Technology ,North Maharashtra Knowledge City, Jalgaon",Jalgaon,Un-Aided,Non-Autonomous,"Kavayitri Bahinabai Chaudhari North Maharashtra University, Jalgaon","Kavayitri Bahinabai Chaudhari North Maharashtra University, Jalgaon",0539629310,Electrical Engineering,LOPENO,194820,10.26398,Stage II,2025-26,1,199
05396,"College Of Engineering And Technology ,North Maharashtra Knowledge City, Jalgaon",Jalgaon,Un-Aided,Non-Autonomous,"Kavayitri Bahinabai Chaudhari North Maharashtra University, Jalgaon","Kavayitri Bahinabai Chaudhari North Maharashtra University, Jalgaon",0539629310,Electrical Engineering,GOBCO,179586,22.9939635,Stage I,2025-26,1,199
05396,"College Of Engineering And Technology ,North Maharashtra Knowledge City, Jalgaon",Jalgaon,Un-Aided,Non-Autonomous,"Kavayitri Bahinabai Chaudhari North Maharashtra University, Jalgaon","Kavayitri Bahinabai Chaudhari North Maharashtra University, Jalgaon",0539661210,Mechanical Engineering,GOPENH,160331,36.226012,Stage I,2025-26,1,200
05396,"College Of Engineering And Technology ,North Maharashtra Knowledge City, Jalgaon",Jalgaon,Un-Aided,Non-Autonomous,"Kavayitri Bahinabai Chaudhari North Maharashtra University, Jalgaon","Kavayitri Bahinabai Chaudhari North Maharashtra University, Jalgaon",0539661210,Mechanical Engineering,GSCH,175746,25.8355418,Stage I,2025-26,1,200
05396,"College Of Engineering And Technology ,North Maharashtra Knowledge City, Jalgaon",Jalgaon,Un-Aided,Non-Autonomous,"Kavayitri Bahinabai Chaudhari North Maharashtra University, Jalgaon","Kavayitri Bahinabai Chaudhari North Maharashtra University, Jalgaon",0539661210,Mechanical Engineering,GOBCH,184998,19.0847282,Stage I,2025-26,1,200
05396,"College Of Engineering And Technology ,North Maharashtra Knowledge City, Jalgaon",Jalgaon,Un-Aided,Non-Autonomous,"Kavayitri Bahinabai Chaudhari North Maharashtra University, Jalgaon","Kavayitri Bahinabai Chaudhari North Maharashtra University, Jalgaon",0539661210,Mechanical Engineering,LOPENH,167342,32.1650475,Stage I,2025-26,1,200
05396,"College Of Engineering And Technology ,North Maharashtra Knowledge City, Jalgaon",Jalgaon,Un-Aided,Non-Autonomous,"Kavayitri Bahinabai Chaudhari North Maharashtra University, Jalgaon","Kavayitri Bahinabai Chaudhari North Maharashtra University, Jalgaon",0539661210,Mechanical Engineering,LOBCH,197010,7.8975079,Stage I,2025-26,1,200
05396,"College Of Engineering And Technology ,North Maharashtra Knowledge City, Jalgaon",Jalgaon,Un-Aided,Non-Autonomous,"Kavayitri Bahinabai Chaudhari North Maharashtra University, Jalgaon","Kavayitri Bahinabai Chaudhari North Maharashtra University, Jalgaon",0539661210,Mechanical Engineering,LOBCH,201889,2.6250654,Stage II,2025-26,1,200
05396,"College Of Engineering And Technology ,North Maharashtra Knowledge City, Jalgaon",Jalgaon,Un-Aided,Non-Autonomous,"Kavayitri Bahinabai Chaudhari North Maharashtra University, Jalgaon","Kavayitri Bahinabai Chaudhari North Maharashtra University, Jalgaon",0539661210,Mechanical Engineering,GOPENO,168130,32.0884521,Stage I,2025-26,1,200
05396,"College Of Engineering And Technology ,North Maharashtra Knowledge City, Jalgaon",Jalgaon,Un-Aided,Non-Autonomous,"Kavayitri Bahinabai Chaudhari North Maharashtra University, Jalgaon","Kavayitri Bahinabai Chaudhari North Maharashtra University, Jalgaon",0539661210,Mechanical Engineering,LOPENO,166432,32.5451434,Stage I,2025-26,1,200
05396,"College Of Engineering And Technology ,North Maharashtra Knowledge City, Jalgaon",Jalgaon,Un-Aided,Non-Autonomous,"Kavayitri Bahinabai Chaudhari North Maharashtra University, Jalgaon","Kavayitri Bahinabai Chaudhari North Maharashtra University, Jalgaon",0539661210,Mechanical Engineering,LOBCO,189081,15.4704064,Stage II,2025-26,1,200
